 -1 -55.000 0.013225  -0.010 0.002000 -25.200 0.012500
2010 05 13 00 00 00    10.17   944.40    79.38    04928    04907    08366
2010 05 13 00 01 00    10.15   944.40    79.38    04926    04907    08366
2010 05 13 00 02 00    10.12   944.44    79.20    04924    04908    08352
2010 05 13 00 03 00    10.20   944.45    79.76    04930    04908    08397
2010 05 13 00 04 00    10.17   944.45    78.92    04928    04908    08330
2010 05 13 00 05 00    10.15   944.54    79.17    04926    04910    08350
2010 05 13 00 06 00    10.13   944.34    78.92    04925    04906    08330
2010 05 13 00 07 00    10.07   944.48    80.66    04920    04909    08469
2010 05 13 00 08 00    10.09   944.39    79.66    04922    04907    08389
2010 05 13 00 09 00    10.08   944.33    79.60    04921    04906    08384
2010 05 13 00 10 00    10.05   944.33    79.36    04919    04906    08365
2010 05 13 00 11 00    10.03   944.33    79.36    04917    04906    08365
2010 05 13 00 12 00    10.04   944.43    81.23    04918    04908    08514
2010 05 13 00 13 00    10.01   944.42    80.53    04916    04908    08458
2010 05 13 00 14 00    10.00   944.42    80.54    04915    04908    08459
2010 05 13 00 15 00     9.99   944.42    80.54    04914    04908    08459
2010 05 13 00 16 00     9.99   944.42    81.46    04914    04908    08533
2010 05 13 00 17 00     9.97   944.42    81.35    04913    04908    08524
2010 05 13 00 18 00     9.95   944.42    81.23    04911    04908    08514
2010 05 13 00 19 00     9.93   944.41    80.53    04910    04908    08458
2010 05 13 00 20 00     9.93   944.41    81.41    04910    04908    08529
2010 05 13 00 21 00     9.91   944.41    81.41    04908    04908    08529
2010 05 13 00 22 00     9.90   944.41    81.41    04907    04908    08529
2010 05 13 00 23 00     9.90   944.41    81.92    04907    04908    08570
2010 05 13 00 24 00     9.88   944.41    82.40    04906    04908    08608
2010 05 13 00 25 00     9.87   944.40    82.28    04905    04908    08598
2010 05 13 00 26 00     9.87   944.45    82.26    04905    04909    08597
2010 05 13 00 27 00     9.84   944.45    81.23    04903    04909    08514
2010 05 13 00 28 00     9.83   944.45    81.69    04902    04909    08551
2010 05 13 00 29 00     9.82   944.50    81.46    04901    04910    08533
2010 05 13 00 30 00     9.80   944.44    82.62    04900    04909    08626
2010 05 13 00 31 00     9.79   944.44    82.62    04899    04909    08626
2010 05 13 00 32 00     9.79   944.44    82.86    04899    04909    08645
2010 05 13 00 33 00     9.79   944.44    82.86    04899    04909    08645
2010 05 13 00 34 00     9.78   944.49    82.96    04898    04910    08653
2010 05 13 00 35 00     9.76   944.49    82.70    04897    04910    08632
2010 05 13 00 36 00     9.76   944.49    82.81    04897    04910    08641
2010 05 13 00 37 00     9.74   944.53    82.15    04895    04911    08588
2010 05 13 00 38 00     9.74   944.53    82.74    04895    04911    08635
2010 05 13 00 39 00     9.72   944.48    82.04    04894    04910    08579
2010 05 13 00 40 00     9.71   944.53    82.15    04893    04911    08588
2010 05 13 00 41 00     9.70   944.53    82.15    04892    04911    08588
2010 05 13 00 42 00     9.70   944.53    82.51    04892    04911    08617
2010 05 13 00 43 00     9.68   944.53    82.81    04891    04911    08641
2010 05 13 00 44 00     9.67   944.53    82.98    04890    04911    08654
2010 05 13 00 45 00     9.67   944.58    83.31    04890    04912    08681
2010 05 13 00 46 00     9.66   944.52    82.75    04889    04911    08636
2010 05 13 00 47 00     9.63   944.52    82.11    04887    04911    08585
2010 05 13 00 48 00     9.64   944.57    82.50    04888    04912    08616
2010 05 13 00 49 00     9.63   944.52    83.16    04887    04911    08669
2010 05 13 00 50 00     9.63   944.52    82.85    04887    04911    08644
2010 05 13 00 51 00     9.60   944.52    82.85    04885    04911    08644
2010 05 13 00 52 00     9.60   944.57    82.11    04885    04912    08585
2010 05 13 00 53 00     9.59   944.51    81.99    04884    04911    08575
2010 05 13 00 54 00     9.59   944.51    82.16    04884    04911    08589
2010 05 13 00 55 00     9.59   944.51    82.98    04884    04911    08654
2010 05 13 00 56 00     9.56   944.51    82.00    04882    04911    08576
2010 05 13 00 57 00     9.55   944.51    82.69    04881    04911    08631
2010 05 13 00 58 00     9.54   944.51    82.51    04880    04911    08617
2010 05 13 00 59 00     9.51   944.45    82.62    04878    04910    08626
2010 05 13 01 00 00     9.50   944.45    82.50    04877    04910    08616
2010 05 13 01 01 00     9.50   944.45    82.50    04877    04910    08616
2010 05 13 01 02 00     9.49   944.50    82.74    04876    04911    08635
2010 05 13 01 03 00     9.49   944.50    83.33    04876    04911    08682
2010 05 13 01 04 00     9.49   944.45    84.12    04876    04910    08746
2010 05 13 01 05 00     9.47   944.55    83.90    04875    04912    08728
2010 05 13 01 06 00     9.47   944.50    83.33    04875    04911    08682
2010 05 13 01 07 00     9.45   944.49    82.74    04873    04911    08635
2010 05 13 01 08 00     9.45   944.49    84.14    04873    04911    08747
2010 05 13 01 09 00     9.45   944.49    84.48    04873    04911    08774
2010 05 13 01 10 00     9.43   944.49    84.34    04872    04911    08763
2010 05 13 01 11 00     9.41   944.49    83.26    04870    04911    08677
2010 05 13 01 12 00     9.41   944.49    84.36    04870    04911    08765
2010 05 13 01 13 00     9.39   944.44    83.89    04869    04910    08727
2010 05 13 01 14 00     9.38   944.43    83.79    04868    04910    08719
2010 05 13 01 15 00     9.35   944.43    83.66    04866    04910    08709
2010 05 13 01 16 00     9.35   944.48    84.12    04866    04911    08746
2010 05 13 01 17 00     9.35   944.48    85.06    04866    04911    08821
2010 05 13 01 18 00     9.34   944.48    83.95    04865    04911    08732
2010 05 13 01 19 00     9.33   944.48    83.90    04864    04911    08728
2010 05 13 01 20 00     9.33   944.48    83.55    04864    04911    08700
2010 05 13 01 21 00     9.34   944.48    83.55    04865    04911    08700
2010 05 13 01 22 00     9.34   944.48    84.48    04865    04911    08774
2010 05 13 01 23 00     9.34   944.48    85.06    04865    04911    08821
2010 05 13 01 24 00     9.33   944.48    85.06    04864    04911    08821
2010 05 13 01 25 00     9.31   944.42    84.48    04863    04910    08774
2010 05 13 01 26 00     9.31   944.42    84.60    04863    04910    08784
2010 05 13 01 27 00     9.30   944.37    84.95    04862    04909    08812
2010 05 13 01 28 00     9.30   944.42    84.83    04862    04910    08802
2010 05 13 01 29 00     9.29   944.37    84.66    04861    04909    08789
2010 05 13 01 30 00     9.27   944.42    85.17    04860    04910    08830
2010 05 13 01 31 00     9.26   944.42    85.17    04859    04910    08830
2010 05 13 01 32 00     9.25   944.42    84.35    04858    04910    08764
2010 05 13 01 33 00     9.25   944.37    84.94    04858    04909    08811
2010 05 13 01 34 00     9.25   944.42    84.83    04858    04910    08802
2010 05 13 01 35 00     9.25   944.42    84.80    04858    04910    08800
2010 05 13 01 36 00     9.25   944.42    84.60    04858    04910    08784
2010 05 13 01 37 00     9.25   944.42    85.12    04858    04910    08826
2010 05 13 01 38 00     9.25   944.37    84.94    04858    04909    08811
2010 05 13 01 39 00     9.23   944.36    85.26    04857    04909    08837
2010 05 13 01 40 00     9.22   944.36    85.75    04856    04909    08876
2010 05 13 01 41 00     9.21   944.36    85.75    04855    04909    08876
2010 05 13 01 42 00     9.21   944.31    85.29    04855    04908    08839
2010 05 13 01 43 00     9.19   944.36    85.36    04854    04909    08845
2010 05 13 01 44 00     9.19   944.36    85.86    04854    04909    08885
2010 05 13 01 45 00     9.18   944.31    86.12    04853    04908    08906
2010 05 13 01 46 00     9.17   944.35    85.59    04852    04909    08863
2010 05 13 01 47 00     9.17   944.35    85.86    04852    04909    08885
2010 05 13 01 48 00     9.17   944.35    86.56    04852    04909    08941
2010 05 13 01 49 00     9.15   944.35    86.11    04851    04909    08905
2010 05 13 01 50 00     9.15   944.35    86.45    04851    04909    08932
2010 05 13 01 51 00     9.13   944.35    86.45    04849    04909    08932
2010 05 13 01 52 00     9.11   944.35    86.34    04848    04909    08923
2010 05 13 01 53 00     9.11   944.35    86.67    04848    04909    08950
2010 05 13 01 54 00     9.10   944.34    86.45    04847    04909    08932
2010 05 13 01 55 00     9.08   944.34    86.56    04845    04909    08941
2010 05 13 01 56 00     9.08   944.34    87.03    04845    04909    08978
2010 05 13 01 57 00     9.06   944.34    86.56    04844    04909    08941
2010 05 13 01 58 00     9.04   944.29    86.45    04842    04908    08932
2010 05 13 01 59 00     9.04   944.29    86.56    04842    04908    08941
2010 05 13 02 00 00     9.02   944.28    86.67    04841    04908    08950
2010 05 13 02 01 00     9.04   944.28    86.67    04842    04908    08950
2010 05 13 02 02 00     9.02   944.28    87.38    04841    04908    09006
2010 05 13 02 03 00     9.00   944.23    87.26    04839    04907    08997
2010 05 13 02 04 00     8.98   944.28    86.99    04838    04908    08975
2010 05 13 02 05 00     8.98   944.23    87.26    04838    04907    08997
2010 05 13 02 06 00     8.97   944.23    87.26    04837    04907    08997
2010 05 13 02 07 00     8.96   944.27    87.24    04836    04908    08995
2010 05 13 02 08 00     8.94   944.17    86.99    04835    04906    08975
2010 05 13 02 09 00     8.94   944.17    86.99    04835    04906    08975
2010 05 13 02 10 00     8.93   944.17    87.38    04834    04906    09006
2010 05 13 02 11 00     8.93   944.17    87.38    04834    04906    09006
2010 05 13 02 12 00     8.89   944.17    87.23    04831    04906    08994
2010 05 13 02 13 00     8.86   944.21    87.38    04829    04907    09006
2010 05 13 02 14 00     8.86   944.21    87.38    04829    04907    09006
2010 05 13 02 15 00     8.84   944.21    87.26    04827    04907    08997
2010 05 13 02 16 00     8.84   944.11    87.39    04827    04905    09007
2010 05 13 02 17 00     8.84   944.16    87.45    04827    04906    09012
2010 05 13 02 18 00     8.82   944.21    87.96    04826    04907    09053
2010 05 13 02 19 00     8.81   944.15    87.96    04825    04906    09053
2010 05 13 02 20 00     8.80   944.15    87.84    04824    04906    09043
2010 05 13 02 21 00     8.77   944.15    87.84    04822    04906    09043
2010 05 13 02 22 00     8.77   944.15    87.84    04822    04906    09043
2010 05 13 02 23 00     8.74   944.14    88.19    04820    04906    09071
2010 05 13 02 24 00     8.74   944.09    87.91    04820    04905    09049
2010 05 13 02 25 00     8.73   944.14    88.19    04819    04906    09071
2010 05 13 02 26 00     8.72   944.14    88.19    04818    04906    09071
2010 05 13 02 27 00     8.72   944.14    88.19    04818    04906    09071
2010 05 13 02 28 00     8.70   944.14    88.19    04817    04906    09071
2010 05 13 02 29 00     8.70   944.09    88.31    04817    04905    09081
2010 05 13 02 30 00     8.70   944.14    88.19    04817    04906    09071
2010 05 13 02 31 00     8.70   944.14    88.19    04817    04906    09071
2010 05 13 02 32 00     8.70   944.09    88.50    04817    04905    09096
2010 05 13 02 33 00     8.69   944.09    88.84    04816    04905    09123
2010 05 13 02 34 00     8.68   944.04    88.73    04815    04904    09114
2010 05 13 02 35 00     8.67   944.08    88.66    04814    04905    09109
2010 05 13 02 36 00     8.67   944.03    89.24    04814    04904    09155
2010 05 13 02 37 00     8.64   944.03    88.66    04812    04904    09109
2010 05 13 02 38 00     8.64   944.03    89.12    04812    04904    09146
2010 05 13 02 39 00     8.61   944.08    88.94    04810    04905    09131
2010 05 13 02 40 00     8.60   943.97    88.89    04809    04903    09127
2010 05 13 02 41 00     8.59   943.97    88.89    04808    04903    09127
2010 05 13 02 42 00     8.57   943.97    89.12    04807    04903    09146
2010 05 13 02 43 00     8.55   943.97    89.14    04805    04903    09147
2010 05 13 02 44 00     8.55   943.97    89.35    04805    04903    09164
2010 05 13 02 45 00     8.53   943.96    89.59    04804    04903    09183
2010 05 13 02 46 00     8.51   944.01    89.41    04802    04904    09169
2010 05 13 02 47 00     8.48   944.01    89.00    04800    04904    09136
2010 05 13 02 48 00     8.47   944.05    88.96    04799    04905    09133
2010 05 13 02 49 00     8.45   944.10    89.12    04798    04906    09146
2010 05 13 02 50 00     8.44   944.10    89.12    04797    04906    09146
2010 05 13 02 51 00     8.43   944.10    89.12    04796    04906    09146
2010 05 13 02 52 00     8.41   944.10    89.59    04795    04906    09183
2010 05 13 02 53 00     8.40   944.15    89.59    04794    04907    09183
2010 05 13 02 54 00     8.37   944.09    89.46    04792    04906    09173
2010 05 13 02 55 00     8.36   944.14    89.54    04791    04907    09179
2010 05 13 02 56 00     8.36   944.14    89.70    04791    04907    09192
2010 05 13 02 57 00     8.36   944.19    89.83    04791    04908    09202
2010 05 13 02 58 00     8.33   944.19    89.54    04789    04908    09179
2010 05 13 02 59 00     8.33   944.19    89.46    04789    04908    09173
2010 05 13 03 00 00     8.33   944.14    89.71    04789    04907    09193
2010 05 13 03 01 00     8.31   944.14    89.71    04787    04907    09193
2010 05 13 03 02 00     8.29   944.13    89.48    04786    04907    09174
2010 05 13 03 03 00     8.31   944.03    89.78    04787    04905    09198
2010 05 13 03 04 00     8.29   944.03    89.65    04786    04905    09188
2010 05 13 03 05 00     8.29   944.03    89.89    04786    04905    09207
2010 05 13 03 06 00     8.28   944.03    89.36    04785    04905    09165
2010 05 13 03 07 00     8.28   943.98    89.81    04785    04904    09201
2010 05 13 03 08 00     8.26   943.97    89.35    04783    04904    09164
2010 05 13 03 09 00     8.26   944.02    89.54    04783    04905    09179
2010 05 13 03 10 00     8.24   944.07    89.54    04782    04906    09179
2010 05 13 03 11 00     8.24   944.07    89.54    04782    04906    09179
2010 05 13 03 12 00     8.24   944.07    89.59    04782    04906    09183
2010 05 13 03 13 00     8.23   944.07    89.59    04781    04906    09183
2010 05 13 03 14 00     8.23   944.07    89.59    04781    04906    09183
2010 05 13 03 15 00     8.23   944.12    89.71    04781    04907    09193
2010 05 13 03 16 00     8.23   944.07    89.71    04781    04906    09193
2010 05 13 03 17 00     8.20   944.17    89.83    04779    04908    09202
2010 05 13 03 18 00     8.20   944.17    89.89    04779    04908    09207
2010 05 13 03 19 00     8.20   944.12    89.89    04779    04907    09207
2010 05 13 03 20 00     8.20   944.17    90.05    04779    04908    09220
2010 05 13 03 21 00     8.19   944.17    90.05    04778    04908    09220
2010 05 13 03 22 00     8.16   944.16    90.05    04776    04908    09220
2010 05 13 03 23 00     8.16   944.16    90.16    04776    04908    09229
2010 05 13 03 24 00     8.16   944.16    90.24    04776    04908    09235
2010 05 13 03 25 00     8.15   944.21    90.29    04775    04909    09239
2010 05 13 03 26 00     8.14   944.21    90.40    04774    04909    09248
2010 05 13 03 27 00     8.12   944.21    90.40    04773    04909    09248
2010 05 13 03 28 00     8.11   944.25    90.40    04772    04910    09248
2010 05 13 03 29 00     8.11   944.25    90.29    04772    04910    09239
2010 05 13 03 30 00     8.11   944.25    90.40    04772    04910    09248
2010 05 13 03 31 00     8.08   944.25    90.24    04770    04910    09235
2010 05 13 03 32 00     8.07   944.30    90.23    04769    04911    09234
2010 05 13 03 33 00     8.08   944.30    90.40    04770    04911    09248
2010 05 13 03 34 00     8.07   944.30    90.35    04769    04911    09244
2010 05 13 03 35 00     8.06   944.30    90.12    04768    04911    09226
2010 05 13 03 36 00     8.03   944.24    89.78    04766    04910    09198
2010 05 13 03 37 00     8.03   944.29    89.78    04766    04911    09198
2010 05 13 03 38 00     8.04   944.29    90.17    04767    04911    09230
2010 05 13 03 39 00     8.03   944.29    90.05    04766    04911    09220
2010 05 13 03 40 00     8.02   944.29    90.24    04765    04911    09235
2010 05 13 03 41 00     8.02   944.29    90.24    04765    04911    09235
2010 05 13 03 42 00     7.99   944.24    89.90    04763    04910    09208
2010 05 13 03 43 00     7.98   944.28    90.00    04762    04911    09216
2010 05 13 03 44 00     7.98   944.23    90.29    04762    04910    09239
2010 05 13 03 45 00     7.95   944.28    89.94    04760    04911    09211
2010 05 13 03 46 00     7.95   944.28    90.16    04760    04911    09229
2010 05 13 03 47 00     7.94   944.18    89.94    04759    04909    09211
2010 05 13 03 48 00     7.92   944.18    90.05    04758    04909    09220
2010 05 13 03 49 00     7.94   944.18    90.35    04759    04909    09244
2010 05 13 03 50 00     7.90   944.12    90.19    04756    04908    09231
2010 05 13 03 51 00     7.90   944.12    90.19    04756    04908    09231
2010 05 13 03 52 00     7.87   944.12    90.05    04754    04908    09220
2010 05 13 03 53 00     7.87   944.17    90.40    04754    04909    09248
2010 05 13 03 54 00     7.85   944.12    90.53    04752    04908    09258
2010 05 13 03 55 00     7.83   944.11    90.29    04751    04908    09239
2010 05 13 03 56 00     7.82   944.11    90.53    04750    04908    09258
2010 05 13 03 57 00     7.81   944.11    90.51    04749    04908    09257
2010 05 13 03 58 00     7.81   944.16    90.51    04749    04909    09257
2010 05 13 03 59 00     7.81   944.11    90.62    04749    04908    09266
2010 05 13 04 00 00     7.81   944.16    90.51    04749    04909    09257
2010 05 13 04 01 00     7.81   944.16    90.51    04749    04909    09257
2010 05 13 04 02 00     7.78   944.16    90.29    04747    04909    09239
2010 05 13 04 03 00     7.79   944.16    90.62    04748    04909    09266
2010 05 13 04 04 00     7.78   944.16    90.24    04747    04909    09235
2010 05 13 04 05 00     7.78   944.16    90.28    04747    04909    09238
2010 05 13 04 06 00     7.78   944.16    90.51    04747    04909    09257
2010 05 13 04 07 00     7.77   944.10    90.29    04746    04908    09239
2010 05 13 04 08 00     7.78   944.11    90.40    04747    04908    09248
2010 05 13 04 09 00     7.78   944.06    90.29    04747    04907    09239
2010 05 13 04 10 00     7.77   944.05    90.29    04746    04907    09239
2010 05 13 04 11 00     7.75   944.05    90.29    04745    04907    09239
2010 05 13 04 12 00     7.75   944.10    89.83    04745    04908    09202
2010 05 13 04 13 00     7.77   944.10    89.48    04746    04908    09174
2010 05 13 04 14 00     7.78   944.16    89.35    04747    04909    09164
2010 05 13 04 15 00     7.78   944.11    89.70    04747    04908    09192
2010 05 13 04 16 00     7.78   944.11    89.92    04747    04908    09210
2010 05 13 04 17 00     7.78   944.16    89.24    04747    04909    09155
2010 05 13 04 18 00     7.79   944.11    89.12    04748    04908    09146
2010 05 13 04 19 00     7.81   944.16    89.35    04749    04909    09164
2010 05 13 04 20 00     7.81   944.16    89.31    04749    04909    09161
2010 05 13 04 21 00     7.81   944.16    89.31    04749    04909    09161
2010 05 13 04 22 00     7.81   944.11    89.08    04749    04908    09142
2010 05 13 04 23 00     7.83   944.16    89.42    04751    04909    09170
2010 05 13 04 24 00     7.83   944.16    89.01    04751    04909    09137
2010 05 13 04 25 00     7.83   944.16    89.01    04751    04909    09137
2010 05 13 04 26 00     7.83   944.16    89.01    04751    04909    09137
2010 05 13 04 27 00     7.85   944.17    89.30    04752    04909    09160
2010 05 13 04 28 00     7.86   944.17    89.19    04753    04909    09151
2010 05 13 04 29 00     7.85   944.17    88.90    04752    04909    09128
2010 05 13 04 30 00     7.86   944.12    89.12    04753    04908    09146
2010 05 13 04 31 00     7.87   944.12    89.12    04754    04908    09146
2010 05 13 04 32 00     7.88   944.22    89.24    04755    04910    09155
2010 05 13 04 33 00     7.88   944.17    89.00    04755    04909    09136
2010 05 13 04 34 00     7.90   944.22    89.11    04756    04910    09145
2010 05 13 04 35 00     7.91   944.18    89.12    04757    04909    09146
2010 05 13 04 36 00     7.91   944.18    89.00    04757    04909    09136
2010 05 13 04 37 00     7.94   944.18    89.42    04759    04909    09170
2010 05 13 04 38 00     7.94   944.18    89.24    04759    04909    09155
2010 05 13 04 39 00     7.95   944.13    89.59    04760    04908    09183
2010 05 13 04 40 00     7.96   944.18    89.59    04761    04909    09183
2010 05 13 04 41 00     7.95   944.18    89.59    04760    04909    09183
2010 05 13 04 42 00     7.98   944.18    89.60    04762    04909    09184
2010 05 13 04 43 00     7.98   944.18    89.24    04762    04909    09155
2010 05 13 04 44 00     7.98   944.23    89.00    04762    04910    09136
2010 05 13 04 45 00     7.99   944.29    89.12    04763    04911    09146
2010 05 13 04 46 00     7.99   944.29    88.66    04763    04911    09109
2010 05 13 04 47 00     8.02   944.24    89.00    04765    04910    09136
2010 05 13 04 48 00     8.04   944.24    88.42    04767    04910    09090
2010 05 13 04 49 00     8.08   944.30    88.55    04770    04911    09100
2010 05 13 04 50 00     8.10   944.30    88.08    04771    04911    09062
2010 05 13 04 51 00     8.14   944.30    88.08    04774    04911    09062
2010 05 13 04 52 00     8.15   944.31    88.03    04775    04911    09058
2010 05 13 04 53 00     8.15   944.36    87.85    04775    04912    09044
2010 05 13 04 54 00     8.16   944.31    87.96    04776    04911    09053
2010 05 13 04 55 00     8.19   944.36    88.08    04778    04912    09062
2010 05 13 04 56 00     8.19   944.41    87.61    04778    04913    09025
2010 05 13 04 57 00     8.22   944.42    87.61    04780    04913    09025
2010 05 13 04 58 00     8.26   944.42    88.09    04783    04913    09063
2010 05 13 04 59 00     8.27   944.43    87.85    04784    04913    09044
2010 05 13 05 00 00     8.27   944.48    87.34    04784    04914    09003
2010 05 13 05 01 00     8.31   944.48    87.73    04787    04914    09034
2010 05 13 05 02 00     8.37   944.49    88.08    04792    04914    09062
2010 05 13 05 03 00     8.41   944.55    87.74    04795    04915    09035
2010 05 13 05 04 00     8.41   944.50    87.15    04795    04914    08988
2010 05 13 05 05 00     8.47   944.50    87.61    04799    04914    09025
2010 05 13 05 06 00     8.52   944.51    87.69    04803    04914    09031
2010 05 13 05 07 00     8.53   944.56    86.60    04804    04915    08944
2010 05 13 05 08 00     8.57   944.57    87.15    04807    04915    08988
2010 05 13 05 09 00     8.61   944.57    86.80    04810    04915    08960
2010 05 13 05 10 00     8.63   944.58    86.45    04811    04915    08932
2010 05 13 05 11 00     8.72   944.58    86.45    04818    04915    08932
2010 05 13 05 12 00     8.81   944.55    87.04    04825    04914    08979
2010 05 13 05 13 00     8.93   944.57    86.45    04834    04914    08932
2010 05 13 05 14 00     8.96   944.57    85.14    04836    04914    08827
2010 05 13 05 15 00     9.00   944.58    85.14    04839    04914    08827
2010 05 13 05 16 00     9.00   944.58    84.35    04839    04914    08764
2010 05 13 05 17 00     9.13   944.60    84.95    04849    04914    08812
2010 05 13 05 18 00     9.11   944.60    83.42    04848    04914    08690
2010 05 13 05 19 00     9.15   944.60    83.78    04851    04914    08718
2010 05 13 05 20 00     9.21   944.66    83.33    04855    04915    08682
2010 05 13 05 21 00     9.35   944.66    83.33    04866    04915    08682
2010 05 13 05 22 00     9.35   944.73    82.86    04866    04916    08645
2010 05 13 05 23 00     9.38   944.73    82.39    04868    04916    08607
2010 05 13 05 24 00     9.43   944.74    82.46    04872    04916    08613
2010 05 13 05 25 00     9.62   944.77    82.76    04886    04916    08637
2010 05 13 05 26 00     9.52   944.75    81.00    04879    04916    08496
2010 05 13 05 27 00     9.64   944.77    81.24    04888    04916    08515
2010 05 13 05 28 00     9.64   944.77    80.90    04888    04916    08488
2010 05 13 05 29 00     9.70   944.78    81.46    04892    04916    08533
2010 05 13 05 30 00     9.83   944.80    81.70    04902    04916    08552
2010 05 13 05 31 00     9.97   944.80    81.70    04913    04916    08552
2010 05 13 05 32 00     9.97   944.82    80.08    04913    04916    08422
2010 05 13 05 33 00     9.87   944.80    79.12    04905    04916    08346
2010 05 13 05 34 00     9.95   944.81    79.03    04911    04916    08338
2010 05 13 05 35 00     9.91   944.76    79.60    04908    04915    08384
2010 05 13 05 36 00     9.96   944.77    79.84    04912    04915    08403
2010 05 13 05 37 00     9.93   944.76    79.15    04910    04915    08348
2010 05 13 05 38 00     9.93   944.76    79.38    04910    04915    08366
2010 05 13 05 39 00    10.08   944.83    79.66    04921    04916    08389
2010 05 13 05 40 00    10.05   944.83    78.71    04919    04916    08313
2010 05 13 05 41 00    10.15   944.83    78.71    04926    04916    08313
2010 05 13 05 42 00    10.11   944.84    77.86    04923    04916    08245
2010 05 13 05 43 00    10.15   944.79    78.34    04926    04915    08283
2010 05 13 05 44 00    10.12   944.84    78.34    04924    04916    08283
2010 05 13 05 45 00    10.05   944.78    78.09    04919    04915    08263
2010 05 13 05 46 00    10.01   944.77    78.60    04916    04915    08304
2010 05 13 05 47 00    10.00   944.77    79.12    04915    04915    08346
2010 05 13 05 48 00    10.04   944.78    78.91    04918    04915    08329
2010 05 13 05 49 00    10.04   944.78    78.40    04918    04915    08288
2010 05 13 05 50 00    10.01   944.82    78.91    04916    04916    08329
2010 05 13 05 51 00     9.93   944.82    78.91    04910    04916    08329
2010 05 13 05 52 00    10.01   944.92    79.24    04916    04918    08355
2010 05 13 05 53 00    10.07   944.93    78.40    04920    04918    08288
2010 05 13 05 54 00    10.19   944.95    79.20    04929    04918    08352
2010 05 13 05 55 00    10.34   944.97    78.67    04941    04918    08310
2010 05 13 05 56 00    10.37   944.97    77.53    04943    04918    08218
2010 05 13 05 57 00    10.41   944.98    77.81    04946    04918    08241
2010 05 13 05 58 00    10.48   944.99    77.85    04951    04918    08244
2010 05 13 05 59 00    10.52   945.05    78.40    04954    04919    08288
2010 05 13 06 00 00    10.53   945.05    77.62    04955    04919    08226
2010 05 13 06 01 00    10.64   945.05    77.62    04963    04919    08226
2010 05 13 06 02 00    10.64   945.06    77.06    04963    04919    08181
2010 05 13 06 03 00    10.65   945.06    77.14    04964    04919    08187
2010 05 13 06 04 00    10.54   945.05    76.60    04956    04919    08144
2010 05 13 06 05 00    10.53   945.05    77.06    04955    04919    08181
2010 05 13 06 06 00    10.48   944.99    76.59    04951    04918    08143
2010 05 13 06 07 00    10.50   944.99    77.40    04953    04918    08208
2010 05 13 06 08 00    10.49   945.04    77.05    04952    04919    08180
2010 05 13 06 09 00    10.48   944.99    77.81    04951    04918    08241
2010 05 13 06 10 00    10.54   945.05    77.98    04956    04919    08254
2010 05 13 06 11 00    10.54   945.05    77.98    04956    04919    08254
2010 05 13 06 12 00    10.49   945.04    77.29    04952    04919    08199
2010 05 13 06 13 00    10.44   945.03    77.50    04948    04919    08216
2010 05 13 06 14 00    10.50   945.04    77.75    04953    04919    08236
2010 05 13 06 15 00    10.44   945.08    77.75    04948    04920    08236
2010 05 13 06 16 00    10.31   945.11    77.48    04938    04921    08214
2010 05 13 06 17 00    10.25   945.11    77.48    04934    04921    08214
2010 05 13 06 18 00    10.28   945.11    77.99    04936    04921    08255
2010 05 13 06 19 00    10.24   945.11    78.67    04933    04921    08310
2010 05 13 06 20 00    10.32   945.17    79.45    04939    04922    08372
2010 05 13 06 21 00    10.31   945.17    79.45    04938    04922    08372
2010 05 13 06 22 00    10.28   945.16    78.78    04936    04922    08318
2010 05 13 06 23 00    10.25   945.16    78.91    04934    04922    08329
2010 05 13 06 24 00    10.33   945.12    79.95    04940    04921    08412
2010 05 13 06 25 00    10.31   945.11    78.91    04938    04921    08329
2010 05 13 06 26 00    10.28   945.11    78.44    04936    04921    08291
2010 05 13 06 27 00    10.27   945.11    79.55    04935    04921    08380
2010 05 13 06 28 00    10.31   945.11    79.38    04938    04921    08366
2010 05 13 06 29 00    10.33   945.12    79.06    04940    04921    08341
2010 05 13 06 30 00    10.25   945.11    79.70    04934    04921    08392
2010 05 13 06 31 00    10.25   945.11    79.70    04934    04921    08392
2010 05 13 06 32 00    10.19   945.15    78.91    04929    04922    08329
2010 05 13 06 33 00    10.13   945.19    78.90    04925    04923    08328
2010 05 13 06 34 00    10.04   945.13    79.60    04918    04922    08384
2010 05 13 06 35 00    10.04   945.13    79.96    04918    04922    08413
2010 05 13 06 36 00    10.04   945.18    80.30    04918    04923    08440
2010 05 13 06 37 00    10.05   945.18    80.53    04919    04923    08458
2010 05 13 06 38 00    10.08   945.23    80.62    04921    04924    08466
2010 05 13 06 39 00    10.07   945.23    80.30    04920    04924    08440
2010 05 13 06 40 00    10.04   945.23    80.65    04918    04924    08468
2010 05 13 06 41 00    10.08   945.23    80.65    04921    04924    08468
2010 05 13 06 42 00    10.05   945.23    80.54    04919    04924    08459
2010 05 13 06 43 00    10.13   945.29    81.23    04925    04925    08514
2010 05 13 06 44 00    10.13   945.29    80.88    04925    04925    08486
2010 05 13 06 45 00    10.17   945.30    80.88    04928    04925    08486
2010 05 13 06 46 00    10.23   945.35    81.00    04932    04926    08496
2010 05 13 06 47 00    10.25   945.36    80.78    04934    04926    08478
2010 05 13 06 48 00    10.28   945.36    81.42    04936    04926    08530
2010 05 13 06 49 00    10.34   945.37    81.41    04941    04926    08529
2010 05 13 06 50 00    10.25   945.36    79.60    04934    04926    08384
2010 05 13 06 51 00    10.13   945.36    79.60    04925    04926    08384
2010 05 13 06 52 00    10.20   945.35    80.89    04930    04926    08487
2010 05 13 06 53 00    10.20   945.30    80.54    04930    04925    08459
2010 05 13 06 54 00    10.23   945.30    81.50    04932    04925    08536
2010 05 13 06 55 00    10.28   945.31    81.69    04936    04925    08551
2010 05 13 06 56 00    10.34   945.32    81.69    04941    04925    08551
2010 05 13 06 57 00    10.34   945.32    80.84    04941    04925    08483
2010 05 13 06 58 00    10.37   945.32    81.35    04943    04925    08524
2010 05 13 06 59 00    10.33   945.27    81.35    04940    04924    08524
2010 05 13 07 00 00    10.34   945.27    80.89    04941    04924    08487
2010 05 13 07 01 00    10.29   945.27    80.89    04937    04924    08487
2010 05 13 07 02 00    10.27   945.26    80.85    04935    04924    08484
2010 05 13 07 03 00    10.23   945.20    81.23    04932    04923    08514
2010 05 13 07 04 00    10.24   945.20    81.00    04933    04923    08496
2010 05 13 07 05 00    10.24   945.20    80.96    04933    04923    08493
2010 05 13 07 06 00    10.19   945.20    80.53    04929    04923    08458
2010 05 13 07 07 00    10.21   945.20    80.84    04931    04923    08483
2010 05 13 07 08 00    10.20   945.20    80.84    04930    04923    08483
2010 05 13 07 09 00    10.20   945.15    81.41    04930    04922    08529
2010 05 13 07 10 00    10.31   945.16    81.92    04938    04922    08570
2010 05 13 07 11 00    10.28   945.16    81.92    04936    04922    08570
2010 05 13 07 12 00    10.13   945.19    80.30    04925    04923    08440
2010 05 13 07 13 00    10.08   945.18    80.99    04921    04923    08495
2010 05 13 07 14 00    10.17   945.15    81.45    04928    04922    08532
2010 05 13 07 15 00    10.16   945.19    81.01    04927    04923    08497
2010 05 13 07 16 00    10.01   945.17    80.54    04916    04923    08459
2010 05 13 07 17 00     9.99   945.17    81.19    04914    04923    08511
2010 05 13 07 18 00     9.91   945.21    81.58    04908    04924    08542
2010 05 13 07 19 00     9.88   945.15    81.80    04906    04923    08560
2010 05 13 07 20 00     9.91   945.21    82.16    04908    04924    08589
2010 05 13 07 21 00     9.84   945.21    82.16    04903    04924    08589
2010 05 13 07 22 00     9.91   945.16    83.44    04908    04923    08691
2010 05 13 07 23 00    10.00   945.17    83.16    04915    04923    08669
2010 05 13 07 24 00    10.00   945.17    82.46    04915    04923    08613
2010 05 13 07 25 00     9.95   945.16    82.50    04911    04923    08616
2010 05 13 07 26 00    10.01   945.17    82.85    04916    04923    08644
2010 05 13 07 27 00    10.05   945.18    82.40    04919    04923    08608
2010 05 13 07 28 00    10.08   945.18    82.50    04921    04923    08616
2010 05 13 07 29 00    10.17   945.20    83.15    04928    04923    08668
2010 05 13 07 30 00    10.24   945.16    82.23    04933    04922    08594
2010 05 13 07 31 00    10.28   945.16    82.23    04936    04922    08594
2010 05 13 07 32 00    10.34   945.17    82.55    04941    04922    08620
2010 05 13 07 33 00    10.37   945.12    82.16    04943    04921    08589
2010 05 13 07 34 00    10.40   945.18    82.51    04945    04922    08617
2010 05 13 07 35 00    10.44   945.18    81.76    04948    04922    08557
2010 05 13 07 36 00    10.38   945.18    81.19    04944    04922    08511
2010 05 13 07 37 00    10.44   945.18    81.34    04948    04922    08523
2010 05 13 07 38 00    10.45   945.24    81.23    04949    04923    08514
2010 05 13 07 39 00    10.41   945.23    81.46    04946    04923    08533
2010 05 13 07 40 00    10.40   945.23    81.46    04945    04923    08533
2010 05 13 07 41 00    10.46   945.23    81.23    04950    04923    08514
2010 05 13 07 42 00    10.44   945.28    81.41    04948    04924    08529
2010 05 13 07 43 00    10.41   945.28    81.45    04946    04924    08532
2010 05 13 07 44 00    10.49   945.29    81.81    04952    04924    08561
2010 05 13 07 45 00    10.40   945.28    81.11    04945    04924    08505
2010 05 13 07 46 00    10.41   945.28    81.46    04946    04924    08533
2010 05 13 07 47 00    10.34   945.27    81.34    04941    04924    08523
2010 05 13 07 48 00    10.40   945.33    82.39    04945    04925    08607
2010 05 13 07 49 00    10.37   945.32    81.41    04943    04925    08529
2010 05 13 07 50 00    10.36   945.32    81.28    04942    04925    08518
2010 05 13 07 51 00    10.34   945.32    81.28    04941    04925    08518
2010 05 13 07 52 00    10.29   945.26    82.11    04937    04924    08585
2010 05 13 07 53 00    10.24   945.25    82.16    04933    04924    08589
2010 05 13 07 54 00    10.27   945.26    82.16    04935    04924    08589
2010 05 13 07 55 00    10.24   945.25    82.39    04933    04924    08607
2010 05 13 07 56 00    10.27   945.21    82.74    04935    04923    08635
2010 05 13 07 57 00    10.32   945.22    82.16    04939    04923    08589
2010 05 13 07 58 00    10.24   945.20    81.49    04933    04923    08535
2010 05 13 07 59 00    10.27   945.21    81.81    04935    04923    08561
2010 05 13 08 00 00    10.31   945.21    82.04    04938    04923    08579
2010 05 13 08 01 00    10.33   945.21    82.04    04940    04923    08579
2010 05 13 08 02 00    10.34   945.17    82.35    04941    04922    08604
2010 05 13 08 03 00    10.29   945.21    81.81    04937    04923    08561
2010 05 13 08 04 00    10.29   945.16    82.12    04937    04922    08586
2010 05 13 08 05 00    10.27   945.11    82.34    04935    04921    08603
2010 05 13 08 06 00    10.31   945.16    82.16    04938    04922    08589
2010 05 13 08 07 00    10.34   945.12    82.28    04941    04921    08598
2010 05 13 08 08 00    10.44   945.13    82.85    04948    04921    08644
2010 05 13 08 09 00    10.37   945.12    81.45    04943    04921    08532
2010 05 13 08 10 00    10.46   945.19    81.46    04950    04922    08533
2010 05 13 08 11 00    10.53   945.19    81.46    04955    04922    08533
2010 05 13 08 12 00    10.49   945.19    81.92    04952    04922    08570
2010 05 13 08 13 00    10.52   945.14    81.23    04954    04921    08514
2010 05 13 08 14 00    10.45   945.14    81.46    04949    04921    08533
2010 05 13 08 15 00    10.46   945.14    81.81    04950    04921    08561
2010 05 13 08 16 00    10.49   945.09    81.81    04952    04920    08561
2010 05 13 08 17 00    10.50   945.09    81.46    04953    04920    08533
2010 05 13 08 18 00    10.42   945.08    81.00    04947    04920    08496
2010 05 13 08 19 00    10.48   945.09    81.19    04951    04920    08511
2010 05 13 08 20 00    10.37   945.07    81.92    04943    04920    08570
2010 05 13 08 21 00    10.36   945.07    81.92    04942    04920    08570
2010 05 13 08 22 00    10.34   945.07    82.04    04941    04920    08579
2010 05 13 08 23 00    10.38   945.03    82.36    04944    04919    08605
2010 05 13 08 24 00    10.42   945.08    82.39    04947    04920    08607
2010 05 13 08 25 00    10.48   945.09    82.62    04951    04920    08626
2010 05 13 08 26 00    10.54   945.05    82.70    04956    04919    08632
2010 05 13 08 27 00    10.54   945.10    82.58    04956    04920    08622
2010 05 13 08 28 00    10.54   945.05    81.88    04956    04919    08566
2010 05 13 08 29 00    10.57   945.05    82.50    04958    04919    08616
2010 05 13 08 30 00    10.52   945.05    81.69    04954    04919    08551
2010 05 13 08 31 00    10.58   945.05    81.69    04959    04919    08551
2010 05 13 08 32 00    10.56   945.05    81.23    04957    04919    08514
2010 05 13 08 33 00    10.56   945.00    83.04    04957    04918    08659
2010 05 13 08 34 00    10.54   945.05    82.28    04956    04919    08598
2010 05 13 08 35 00    10.57   945.05    82.04    04958    04919    08579
2010 05 13 08 36 00    10.48   945.09    81.30    04951    04920    08520
2010 05 13 08 37 00    10.49   945.09    81.45    04952    04920    08532
2010 05 13 08 38 00    10.48   945.04    81.69    04951    04919    08551
2010 05 13 08 39 00    10.50   945.04    82.12    04953    04919    08586
2010 05 13 08 40 00    10.54   945.05    83.28    04956    04919    08678
2010 05 13 08 41 00    10.57   945.05    83.28    04958    04919    08678
2010 05 13 08 42 00    10.62   945.06    81.45    04962    04919    08532
2010 05 13 08 43 00    10.58   945.05    81.41    04959    04919    08529
2010 05 13 08 44 00    10.60   945.06    81.88    04960    04919    08566
2010 05 13 08 45 00    10.64   945.06    81.59    04963    04919    08543
2010 05 13 08 46 00    10.66   945.02    81.23    04965    04918    08514
2010 05 13 08 47 00    10.70   944.97    81.48    04968    04917    08534
2010 05 13 08 48 00    10.78   945.08    82.16    04974    04919    08589
2010 05 13 08 49 00    10.74   945.08    80.85    04971    04919    08484
2010 05 13 08 50 00    10.61   945.01    80.49    04961    04918    08455
2010 05 13 08 51 00    10.61   945.01    80.49    04961    04918    08455
2010 05 13 08 52 00    10.60   945.01    80.88    04960    04918    08486
2010 05 13 08 53 00    10.68   945.07    81.94    04966    04919    08571
2010 05 13 08 54 00    10.65   945.01    81.35    04964    04918    08524
2010 05 13 08 55 00    10.58   945.00    81.20    04959    04918    08512
2010 05 13 08 56 00    10.66   945.02    82.51    04965    04918    08617
2010 05 13 08 57 00    10.68   945.02    81.79    04966    04918    08559
2010 05 13 08 58 00    10.70   945.02    81.23    04968    04918    08514
2010 05 13 08 59 00    10.75   945.03    81.89    04972    04918    08567
2010 05 13 09 00 00    10.86   945.04    83.10    04980    04918    08664
2010 05 13 09 01 00    10.93   945.04    83.10    04985    04918    08664
2010 05 13 09 02 00    10.94   945.11    80.98    04986    04919    08494
2010 05 13 09 03 00    10.97   945.06    80.49    04988    04918    08455
2010 05 13 09 04 00    11.05   945.07    80.95    04994    04918    08492
2010 05 13 09 05 00    11.05   945.07    80.95    04994    04918    08492
2010 05 13 09 06 00    11.11   945.08    80.15    04999    04918    08428
2010 05 13 09 07 00    11.11   945.08    80.26    04999    04918    08437
2010 05 13 09 08 00    11.15   945.09    80.54    05002    04918    08459
2010 05 13 09 09 00    11.06   945.07    80.08    04995    04918    08422
2010 05 13 09 10 00    11.10   945.13    81.70    04998    04919    08552
2010 05 13 09 11 00    10.98   945.13    81.70    04989    04919    08552
2010 05 13 09 12 00    10.90   945.10    79.84    04983    04919    08403
2010 05 13 09 13 00    10.83   945.04    79.84    04978    04918    08403
2010 05 13 09 14 00    10.90   945.10    80.26    04983    04919    08437
2010 05 13 09 15 00    10.77   945.08    80.30    04973    04919    08440
2010 05 13 09 16 00    10.73   945.08    80.96    04970    04919    08493
2010 05 13 09 17 00    10.74   945.08    81.69    04971    04919    08551
2010 05 13 09 18 00    10.79   945.08    81.92    04975    04919    08570
2010 05 13 09 19 00    10.83   945.04    81.70    04978    04918    08552
2010 05 13 09 20 00    10.82   945.04    81.00    04977    04918    08496
2010 05 13 09 21 00    10.78   945.04    81.00    04974    04918    08496
2010 05 13 09 22 00    10.79   945.03    81.70    04975    04918    08552
2010 05 13 09 23 00    10.83   945.04    81.70    04978    04918    08552
2010 05 13 09 24 00    10.85   945.04    81.45    04979    04918    08532
2010 05 13 09 25 00    10.90   945.05    81.41    04983    04918    08529
2010 05 13 09 26 00    10.90   945.05    81.00    04983    04918    08496
2010 05 13 09 27 00    10.87   945.05    81.00    04981    04918    08496
2010 05 13 09 28 00    10.90   945.05    81.23    04983    04918    08514
2010 05 13 09 29 00    10.97   945.06    81.46    04988    04918    08533
2010 05 13 09 30 00    11.05   945.07    81.46    04994    04918    08533
2010 05 13 09 31 00    11.10   945.07    81.46    04998    04918    08533
2010 05 13 09 32 00    11.12   945.13    81.54    05000    04919    08539
2010 05 13 09 33 00    11.02   945.12    79.79    04992    04919    08399
2010 05 13 09 34 00    11.02   945.12    79.84    04992    04919    08403
2010 05 13 09 35 00    10.93   945.10    79.60    04985    04919    08384
2010 05 13 09 36 00    10.93   945.10    79.84    04985    04919    08403
2010 05 13 09 37 00    10.95   945.11    79.84    04987    04919    08403
2010 05 13 09 38 00    10.93   945.10    80.85    04985    04919    08484
2010 05 13 09 39 00    10.91   945.10    79.84    04984    04919    08403
2010 05 13 09 40 00    10.97   945.11    79.74    04988    04919    08395
2010 05 13 09 41 00    10.99   945.11    79.74    04990    04919    08395
2010 05 13 09 42 00    11.03   945.12    80.30    04993    04919    08440
2010 05 13 09 43 00    11.06   945.17    80.30    04995    04920    08440
2010 05 13 09 44 00    10.95   945.11    79.25    04987    04919    08356
2010 05 13 09 45 00    10.91   945.10    79.84    04984    04919    08403
2010 05 13 09 46 00    10.98   945.06    79.62    04989    04918    08386
2010 05 13 09 47 00    11.05   945.12    81.00    04994    04919    08496
2010 05 13 09 48 00    11.09   945.13    79.73    04997    04919    08394
2010 05 13 09 49 00    10.99   945.06    79.60    04990    04918    08384
2010 05 13 09 50 00    10.94   945.06    80.25    04986    04918    08436
2010 05 13 09 51 00    10.95   945.06    80.25    04987    04918    08436
2010 05 13 09 52 00    11.03   945.07    80.76    04993    04918    08477
2010 05 13 09 53 00    11.06   945.07    80.06    04995    04918    08421
2010 05 13 09 54 00    11.14   945.08    80.76    05001    04918    08477
2010 05 13 09 55 00    11.15   945.04    79.38    05002    04917    08366
2010 05 13 09 56 00    11.19   945.09    79.28    05005    04918    08358
2010 05 13 09 57 00    11.16   945.09    79.38    05003    04918    08366
2010 05 13 09 58 00    11.11   945.08    77.99    04999    04918    08255
2010 05 13 09 59 00    11.19   945.09    79.26    05005    04918    08357
2010 05 13 10 00 00    11.18   945.09    78.67    05004    04918    08310
2010 05 13 10 01 00    11.34   945.09    79.95    05016    04918    08412
2010 05 13 10 02 00    11.34   945.11    78.33    05016    04918    08282
2010 05 13 10 03 00    11.35   945.11    78.86    05017    04918    08325
2010 05 13 10 04 00    11.38   945.12    78.56    05019    04918    08301
2010 05 13 10 05 00    11.50   945.13    79.62    05028    04918    08386
2010 05 13 10 06 00    11.47   945.13    78.65    05026    04918    08308
2010 05 13 10 07 00    11.40   945.17    78.34    05021    04919    08283
2010 05 13 10 08 00    11.39   945.17    78.21    05020    04919    08273
2010 05 13 10 09 00    11.38   945.17    78.10    05019    04919    08264
2010 05 13 10 10 00    11.48   945.18    79.36    05027    04919    08365
2010 05 13 10 11 00    11.57   945.18    79.36    05034    04919    08365
2010 05 13 10 12 00    11.56   945.19    77.94    05033    04919    08251
2010 05 13 10 13 00    11.65   945.21    77.99    05040    04919    08255
2010 05 13 10 14 00    11.61   945.25    77.99    05037    04920    08255
2010 05 13 10 15 00    11.68   945.26    78.80    05042    04920    08320
2010 05 13 10 16 00    11.73   945.32    78.69    05046    04921    08311
2010 05 13 10 17 00    11.76   945.32    78.21    05048    04921    08273
2010 05 13 10 18 00    11.79   945.28    77.41    05050    04920    08209
2010 05 13 10 19 00    11.87   945.29    77.75    05056    04920    08236
2010 05 13 10 20 00    11.91   945.29    77.29    05059    04920    08199
2010 05 13 10 21 00    11.88   945.29    77.29    05057    04920    08199
2010 05 13 10 22 00    12.01   945.31    77.44    05067    04920    08211
2010 05 13 10 23 00    12.02   945.31    76.83    05068    04920    08162
2010 05 13 10 24 00    12.09   945.27    76.81    05073    04919    08161
2010 05 13 10 25 00    12.05   945.26    75.86    05070    04919    08085
2010 05 13 10 26 00    12.04   945.31    76.36    05069    04920    08125
2010 05 13 10 27 00    11.97   945.25    76.78    05064    04919    08158
2010 05 13 10 28 00    12.01   945.26    76.70    05067    04919    08152
2010 05 13 10 29 00    12.04   945.21    76.36    05069    04918    08125
2010 05 13 10 30 00    12.01   945.16    76.83    05067    04917    08162
2010 05 13 10 31 00    12.08   945.16    76.83    05072    04917    08162
2010 05 13 10 32 00    12.02   945.26    75.89    05068    04919    08087
2010 05 13 10 33 00    12.05   945.26    75.51    05070    04919    08057
2010 05 13 10 34 00    11.96   945.25    75.44    05063    04919    08051
2010 05 13 10 35 00    11.91   945.24    75.79    05059    04919    08079
2010 05 13 10 36 00    12.02   945.26    77.16    05068    04919    08189
2010 05 13 10 37 00    12.21   945.24    77.09    05082    04918    08183
2010 05 13 10 38 00    12.38   945.26    77.03    05095    04918    08178
2010 05 13 10 39 00    12.41   945.27    75.66    05097    04918    08069
2010 05 13 10 40 00    12.38   945.21    74.48    05095    04917    07974
2010 05 13 10 41 00    12.43   945.21    74.48    05099    04917    07974
2010 05 13 10 42 00    12.57   945.24    74.74    05109    04917    07995
2010 05 13 10 43 00    12.53   945.28    73.75    05106    04918    07916
2010 05 13 10 44 00    12.47   945.22    75.04    05102    04917    08019
2010 05 13 10 45 00    12.50   945.23    74.50    05104    04917    07976
2010 05 13 10 46 00    12.61   945.24    74.59    05112    04917    07983
2010 05 13 10 47 00    12.66   945.25    74.24    05116    04917    07955
2010 05 13 10 48 00    12.80   945.27    74.51    05127    04917    07977
2010 05 13 10 49 00    12.69   945.30    72.15    05118    04918    07788
2010 05 13 10 50 00    12.79   945.27    72.61    05126    04917    07825
2010 05 13 10 51 00    12.88   945.27    72.89    05133    04917    07847
2010 05 13 10 52 00    12.96   945.34    73.81    05139    04918    07921
2010 05 13 10 53 00    12.86   945.28    71.96    05131    04917    07773
2010 05 13 10 54 00    13.00   945.30    72.19    05142    04917    07791
2010 05 13 10 55 00    13.00   945.25    71.85    05142    04916    07764
2010 05 13 10 56 00    13.07   945.26    72.15    05147    04916    07788
2010 05 13 10 57 00    13.23   945.28    72.20    05159    04916    07792
2010 05 13 10 58 00    13.28   945.29    71.95    05163    04916    07772
2010 05 13 10 59 00    13.31   945.29    72.19    05165    04916    07791
2010 05 13 11 00 00    13.40   945.26    71.26    05172    04915    07717
2010 05 13 11 01 00    13.31   945.26    71.26    05165    04915    07717
2010 05 13 11 02 00    13.20   945.28    70.56    05157    04916    07661
2010 05 13 11 03 00    13.04   945.21    70.80    05145    04915    07680
2010 05 13 11 04 00    13.00   945.20    72.89    05142    04915    07847
2010 05 13 11 05 00    12.75   945.11    70.88    05123    04914    07686
2010 05 13 11 06 00    12.71   945.11    71.49    05120    04914    07735
2010 05 13 11 07 00    12.76   945.07    71.84    05124    04913    07763
2010 05 13 11 08 00    12.84   945.13    73.08    05130    04914    07862
2010 05 13 11 09 00    12.88   945.13    71.26    05133    04914    07717
2010 05 13 11 10 00    12.65   945.05    71.59    05115    04913    07743
2010 05 13 11 11 00    12.42   945.05    71.59    05098    04913    07743
2010 05 13 11 12 00    12.45   945.07    74.28    05100    04914    07958
2010 05 13 11 13 00    12.46   945.02    72.89    05101    04913    07847
2010 05 13 11 14 00    12.41   945.02    73.11    05097    04913    07865
2010 05 13 11 15 00    12.45   945.02    74.41    05100    04913    07969
2010 05 13 11 16 00    12.51   945.03    74.28    05105    04913    07958
2010 05 13 11 17 00    12.41   945.02    73.31    05097    04913    07881
2010 05 13 11 18 00    12.29   945.05    74.50    05088    04914    07976
2010 05 13 11 19 00    12.24   944.99    74.04    05084    04913    07939
2010 05 13 11 20 00    12.30   945.05    74.74    05089    04914    07995
2010 05 13 11 21 00    12.38   945.05    74.74    05095    04914    07995
2010 05 13 11 22 00    12.49   945.03    74.98    05103    04913    08014
2010 05 13 11 23 00    12.57   945.04    75.09    05109    04913    08023
2010 05 13 11 24 00    12.43   945.02    74.11    05099    04913    07945
2010 05 13 11 25 00    12.30   945.00    74.50    05089    04913    07976
2010 05 13 11 26 00    12.33   944.95    75.20    05091    04912    08032
2010 05 13 11 27 00    12.29   944.90    74.74    05088    04911    07995
2010 05 13 11 28 00    12.26   944.95    75.90    05086    04912    08088
2010 05 13 11 29 00    12.29   944.95    75.66    05088    04912    08069
2010 05 13 11 30 00    12.30   944.95    76.00    05089    04912    08096
2010 05 13 11 31 00    12.26   944.95    76.00    05086    04912    08096
2010 05 13 11 32 00    12.22   944.94    75.61    05083    04912    08065
2010 05 13 11 33 00    12.28   945.00    75.90    05087    04913    08088
2010 05 13 11 34 00    12.41   945.02    76.36    05097    04913    08125
2010 05 13 11 35 00    12.38   944.96    76.36    05095    04912    08125
2010 05 13 11 36 00    12.43   945.02    77.05    05099    04913    08180
2010 05 13 11 37 00    12.45   945.02    76.12    05100    04913    08106
2010 05 13 11 38 00    12.39   944.96    75.09    05096    04912    08023
2010 05 13 11 39 00    12.42   944.97    75.66    05098    04912    08069
2010 05 13 11 40 00    12.46   944.97    76.36    05101    04912    08125
2010 05 13 11 41 00    12.49   944.97    76.36    05103    04912    08125
2010 05 13 11 42 00    12.42   944.97    75.31    05098    04912    08041
2010 05 13 11 43 00    12.42   944.97    75.66    05098    04912    08069
2010 05 13 11 44 00    12.42   944.97    76.33    05098    04912    08122
2010 05 13 11 45 00    12.54   944.98    76.48    05107    04912    08134
2010 05 13 11 46 00    12.50   944.98    75.89    05104    04912    08087
2010 05 13 11 47 00    12.47   945.03    75.62    05102    04913    08066
2010 05 13 11 48 00    12.51   944.98    75.44    05105    04912    08051
2010 05 13 11 49 00    12.55   944.94    75.90    05108    04911    08088
2010 05 13 11 50 00    12.54   944.93    76.12    05107    04911    08106
2010 05 13 11 51 00    12.54   944.93    76.12    05107    04911    08106
2010 05 13 11 52 00    12.50   944.98    76.55    05104    04912    08140
2010 05 13 11 53 00    12.41   944.92    75.65    05097    04911    08068
2010 05 13 11 54 00    12.32   944.85    75.67    05090    04910    08070
2010 05 13 11 55 00    12.32   944.85    76.14    05090    04910    08107
2010 05 13 11 56 00    12.33   944.85    76.36    05091    04910    08125
2010 05 13 11 57 00    12.30   944.85    77.17    05089    04910    08190
2010 05 13 11 58 00    12.21   944.84    76.36    05082    04910    08125
2010 05 13 11 59 00    12.25   944.79    77.06    05085    04909    08181
2010 05 13 12 00 00    12.28   944.80    77.88    05087    04909    08246
2010 05 13 12 01 00    12.26   944.80    77.88    05086    04909    08246
2010 05 13 12 02 00    12.29   944.80    77.06    05088    04909    08181
2010 05 13 12 03 00    12.25   944.79    76.59    05085    04909    08143
2010 05 13 12 04 00    12.21   944.79    76.36    05082    04909    08125
2010 05 13 12 05 00    12.21   944.79    76.14    05082    04909    08107
2010 05 13 12 06 00    12.16   944.78    76.33    05078    04909    08122
2010 05 13 12 07 00    12.17   944.78    76.71    05079    04909    08153
2010 05 13 12 08 00    12.21   944.79    77.30    05082    04909    08200
2010 05 13 12 09 00    12.30   944.85    77.26    05089    04910    08197
2010 05 13 12 10 00    12.35   944.81    77.95    05093    04909    08252
2010 05 13 12 11 00    12.38   944.81    77.49    05095    04909    08215
2010 05 13 12 12 00    12.38   944.81    77.40    05095    04909    08208
2010 05 13 12 13 00    12.45   944.82    77.17    05100    04909    08190
2010 05 13 12 14 00    12.51   944.83    76.67    05105    04909    08150
2010 05 13 12 15 00    12.51   944.83    76.36    05105    04909    08125
2010 05 13 12 16 00    12.59   944.84    76.71    05111    04909    08153
2010 05 13 12 17 00    12.55   944.84    75.20    05108    04909    08032
2010 05 13 12 18 00    12.50   944.83    75.20    05104    04909    08032
2010 05 13 12 19 00    12.43   944.87    75.21    05099    04910    08033
2010 05 13 12 20 00    12.37   944.81    75.90    05094    04909    08088
2010 05 13 12 21 00    12.35   944.81    75.90    05093    04909    08088
2010 05 13 12 22 00    12.30   944.75    75.79    05089    04908    08079
2010 05 13 12 23 00    12.26   944.80    76.84    05086    04909    08163
2010 05 13 12 24 00    12.21   944.79    77.06    05082    04909    08181
2010 05 13 12 25 00    12.21   944.74    77.30    05082    04908    08200
2010 05 13 12 26 00    12.18   944.78    76.36    05080    04909    08125
2010 05 13 12 27 00    12.17   944.73    76.60    05079    04908    08144
2010 05 13 12 28 00    12.12   944.77    76.59    05075    04909    08143
2010 05 13 12 29 00    12.10   944.72    78.80    05074    04908    08320
2010 05 13 12 30 00    12.10   944.72    78.17    05074    04908    08270
2010 05 13 12 31 00    12.09   944.72    78.31    05073    04908    08281
2010 05 13 12 32 00    12.14   944.73    77.96    05077    04908    08253
2010 05 13 12 33 00    12.13   944.68    77.56    05076    04907    08221
2010 05 13 12 34 00    12.08   944.72    77.29    05072    04908    08199
2010 05 13 12 35 00    12.05   944.67    77.75    05070    04907    08236
2010 05 13 12 36 00    12.04   944.61    77.99    05069    04906    08255
2010 05 13 12 37 00    12.06   944.62    78.56    05071    04906    08301
2010 05 13 12 38 00    12.09   944.62    78.91    05073    04906    08329
2010 05 13 12 39 00    12.16   944.68    78.45    05078    04907    08292
2010 05 13 12 40 00    12.20   944.69    78.69    05081    04907    08311
2010 05 13 12 41 00    12.20   944.69    77.53    05081    04907    08218
2010 05 13 12 42 00    12.21   944.69    77.90    05082    04907    08248
2010 05 13 12 43 00    12.24   944.69    77.99    05084    04907    08255
2010 05 13 12 44 00    12.26   944.75    78.34    05086    04908    08283
2010 05 13 12 45 00    12.25   944.74    77.99    05085    04908    08255
2010 05 13 12 46 00    12.24   944.69    76.25    05084    04907    08116
2010 05 13 12 47 00    12.25   944.74    77.53    05085    04908    08218
2010 05 13 12 48 00    12.22   944.74    77.17    05083    04908    08190
2010 05 13 12 49 00    12.28   944.75    77.19    05087    04908    08191
2010 05 13 12 50 00    12.33   944.76    77.17    05091    04908    08190
2010 05 13 12 51 00    12.35   944.76    77.06    05093    04908    08181
2010 05 13 12 52 00    12.38   944.71    77.53    05095    04907    08218
 -1 -55.000 0.013225  -0.010 0.002000 -25.200 0.012500
2010 05 13 13 00 03    ?        ?        ?        ?        ?        ?    
 -1 -55.000 0.013225  -0.010 0.002000 -25.200 0.012500
2010 05 13 15 40 03    ?        ?        ?        ?        ?        ?    
 -1 -55.000 0.013225  -0.010 0.002000 -25.200 0.012500
2010 05 13 17 43 00    11.10   944.28    78.01    04998    04902    08257
2010 05 13 17 44 00    11.11   944.23    78.42    04999    04901    08290
2010 05 13 17 45 00    11.11   944.23    76.96    04999    04901    08173
2010 05 13 17 46 00    11.09   944.23    77.86    04997    04901    08245
2010 05 13 17 47 00    11.03   944.22    77.39    04993    04901    08207
2010 05 13 17 48 00    11.02   944.22    78.12    04992    04901    08266
2010 05 13 17 49 00    10.98   944.16    77.54    04989    04900    08219
2010 05 13 17 50 00    10.98   944.21    77.96    04989    04901    08253
2010 05 13 17 51 00    10.97   944.21    77.96    04988    04901    08253
2010 05 13 17 52 00    10.94   944.21    77.49    04986    04901    08215
2010 05 13 17 53 00    10.94   944.21    77.73    04986    04901    08234
2010 05 13 17 54 00    10.94   944.21    77.95    04986    04901    08252
2010 05 13 17 55 00    10.90   944.20    77.30    04983    04901    08200
2010 05 13 17 56 00    10.87   944.20    77.76    04981    04901    08237
2010 05 13 17 57 00    10.86   944.10    78.34    04980    04899    08283
2010 05 13 17 58 00    10.85   944.19    78.10    04979    04901    08264
2010 05 13 17 59 00    10.81   944.14    77.96    04976    04900    08253
2010 05 13 18 00 00    10.78   944.14    77.76    04974    04900    08237
2010 05 13 18 01 00    10.78   944.14    77.76    04974    04900    08237
2010 05 13 18 02 00    10.77   944.13    78.58    04973    04900    08302
2010 05 13 18 03 00    10.73   944.08    77.99    04970    04899    08255
2010 05 13 18 04 00    10.73   944.08    78.67    04970    04899    08310
2010 05 13 18 05 00    10.70   944.12    78.92    04968    04900    08330
2010 05 13 18 06 00    10.69   944.07    79.39    04967    04899    08367
2010 05 13 18 07 00    10.64   944.01    78.91    04963    04898    08329
2010 05 13 18 08 00    10.58   944.11    78.88    04959    04900    08326
2010 05 13 18 09 00    10.56   944.15    79.31    04957    04901    08361
2010 05 13 18 10 00    10.52   944.15    79.15    04954    04901    08348
2010 05 13 18 11 00    10.52   944.15    79.15    04954    04901    08348
2010 05 13 18 12 00    10.48   944.09    79.11    04951    04900    08345
2010 05 13 18 13 00    10.46   944.14    79.28    04950    04901    08358
2010 05 13 18 14 00    10.42   944.13    78.34    04947    04901    08283
2010 05 13 18 15 00    10.41   944.08    78.69    04946    04900    08311
2010 05 13 18 16 00    10.36   944.12    78.11    04942    04901    08265
2010 05 13 18 17 00    10.32   944.12    78.45    04939    04901    08292
2010 05 13 18 18 00    10.29   944.12    78.91    04937    04901    08329
2010 05 13 18 19 00    10.27   944.06    79.50    04935    04900    08376
2010 05 13 18 20 00    10.25   944.06    78.92    04934    04900    08330
2010 05 13 18 21 00    10.21   944.06    78.92    04931    04900    08330
2010 05 13 18 22 00    10.16   944.00    78.64    04927    04899    08307
2010 05 13 18 23 00    10.15   944.09    79.11    04926    04901    08345
2010 05 13 18 24 00    10.11   943.94    78.65    04923    04898    08308
2010 05 13 18 25 00    10.07   943.93    79.25    04920    04898    08356
2010 05 13 18 26 00    10.04   944.03    79.11    04918    04900    08345
2010 05 13 18 27 00    10.01   943.98    79.85    04916    04899    08404
2010 05 13 18 28 00     9.97   943.92    79.39    04913    04898    08367
2010 05 13 18 29 00     9.96   943.97    79.04    04912    04899    08339
2010 05 13 18 30 00     9.97   944.02    79.34    04913    04900    08363
2010 05 13 18 31 00     9.93   944.02    79.34    04910    04900    08363
2010 05 13 18 32 00     9.92   943.96    79.85    04909    04899    08404
2010 05 13 18 33 00     9.90   944.01    79.15    04907    04900    08348
2010 05 13 18 34 00     9.87   943.91    79.40    04905    04898    08368
2010 05 13 18 35 00     9.87   943.96    79.56    04905    04899    08381
2010 05 13 18 36 00     9.84   943.95    79.61    04903    04899    08385
2010 05 13 18 37 00     9.83   943.90    78.91    04902    04898    08329
2010 05 13 18 38 00     9.78   943.89    79.06    04898    04898    08341
2010 05 13 18 39 00     9.76   943.94    79.15    04897    04899    08348
2010 05 13 18 40 00     9.74   943.94    79.61    04895    04899    08385
2010 05 13 18 41 00     9.71   943.94    79.61    04893    04899    08385
2010 05 13 18 42 00     9.68   943.93    79.15    04891    04899    08348
2010 05 13 18 43 00     9.66   943.98    79.38    04889    04900    08366
2010 05 13 18 44 00     9.64   943.92    79.60    04888    04899    08384
2010 05 13 18 45 00     9.60   943.97    79.61    04885    04900    08385
2010 05 13 18 46 00     9.59   944.02    79.61    04884    04901    08385
2010 05 13 18 47 00     9.58   943.91    79.80    04883    04899    08400
2010 05 13 18 48 00     9.54   943.96    79.84    04880    04900    08403
2010 05 13 18 49 00     9.51   943.95    79.61    04878    04900    08385
2010 05 13 18 50 00     9.50   944.00    80.08    04877    04901    08422
2010 05 13 18 51 00     9.50   944.00    80.08    04877    04901    08422
2010 05 13 18 52 00     9.46   944.00    80.54    04874    04901    08459
2010 05 13 18 53 00     9.45   943.99    80.30    04873    04901    08440
2010 05 13 18 54 00     9.41   943.99    80.19    04870    04901    08431
2010 05 13 18 55 00     9.39   943.99    81.00    04869    04901    08496
2010 05 13 18 56 00     9.39   944.04    80.85    04869    04902    08484
2010 05 13 18 57 00     9.34   943.93    79.74    04865    04900    08395
2010 05 13 18 58 00     9.33   943.98    80.30    04864    04901    08440
2010 05 13 18 59 00     9.31   943.98    80.42    04863    04901    08450
2010 05 13 19 00 00     9.29   943.97    80.54    04861    04901    08459
2010 05 13 19 01 00     9.27   943.97    80.54    04860    04901    08459
2010 05 13 19 02 00     9.27   944.07    81.19    04860    04903    08511
2010 05 13 19 03 00     9.23   944.01    80.65    04857    04902    08468
2010 05 13 19 04 00     9.23   944.06    80.89    04857    04903    08487
2010 05 13 19 05 00     9.21   944.01    80.90    04855    04902    08488
2010 05 13 19 06 00     9.21   943.96    81.00    04855    04901    08496
2010 05 13 19 07 00     9.15   944.05    81.23    04851    04903    08514
2010 05 13 19 08 00     9.14   944.10    81.46    04850    04904    08533
2010 05 13 19 09 00     9.09   944.09    80.95    04846    04904    08492
2010 05 13 19 10 00     9.06   944.14    81.19    04844    04905    08511
2010 05 13 19 11 00     9.04   944.14    81.19    04842    04905    08511
2010 05 13 19 12 00     9.01   944.08    81.31    04840    04904    08521
2010 05 13 19 13 00     9.01   944.18    81.42    04840    04906    08530
2010 05 13 19 14 00     8.98   944.18    81.42    04838    04906    08530
2010 05 13 19 15 00     8.97   944.18    81.92    04837    04906    08570
2010 05 13 19 16 00     8.94   944.17    81.94    04835    04906    08571
2010 05 13 19 17 00     8.93   944.22    82.00    04834    04907    08576
2010 05 13 19 18 00     8.92   944.27    82.16    04833    04908    08589
2010 05 13 19 19 00     8.90   944.27    82.38    04832    04908    08606
2010 05 13 19 20 00     8.88   944.26    82.16    04830    04908    08589
2010 05 13 19 21 00     8.86   944.26    82.16    04829    04908    08589
2010 05 13 19 22 00     8.84   944.31    82.39    04827    04909    08607
2010 05 13 19 23 00     8.82   944.31    82.51    04826    04909    08617
2010 05 13 19 24 00     8.80   944.35    82.74    04824    04910    08635
2010 05 13 19 25 00     8.78   944.35    82.86    04823    04910    08645
2010 05 13 19 26 00     8.76   944.35    82.86    04821    04910    08645
2010 05 13 19 27 00     8.74   944.34    82.86    04820    04910    08645
2010 05 13 19 28 00     8.73   944.34    82.86    04819    04910    08645
2010 05 13 19 29 00     8.74   944.34    83.62    04820    04910    08706
2010 05 13 19 30 00     8.76   944.30    83.90    04821    04909    08728
2010 05 13 19 31 00     8.74   944.30    83.90    04820    04909    08728
2010 05 13 19 32 00     8.72   944.29    83.21    04818    04909    08673
2010 05 13 19 33 00     8.68   944.28    82.51    04815    04909    08617
2010 05 13 19 34 00     8.67   944.33    82.75    04814    04910    08636
2010 05 13 19 35 00     8.63   944.38    82.94    04811    04911    08651
2010 05 13 19 36 00     8.63   944.33    83.55    04811    04910    08700
2010 05 13 19 37 00     8.63   944.38    83.16    04811    04911    08669
2010 05 13 19 38 00     8.60   944.37    83.79    04809    04911    08719
2010 05 13 19 39 00     8.57   944.32    83.55    04807    04910    08700
2010 05 13 19 40 00     8.55   944.37    83.31    04805    04911    08681
2010 05 13 19 41 00     8.55   944.37    83.31    04805    04911    08681
2010 05 13 19 42 00     8.55   944.42    84.14    04805    04912    08747
2010 05 13 19 43 00     8.52   944.36    83.55    04803    04911    08700
2010 05 13 19 44 00     8.51   944.36    84.01    04802    04911    08737
2010 05 13 19 45 00     8.48   944.36    83.66    04800    04911    08709
2010 05 13 19 46 00     8.47   944.45    84.01    04799    04913    08737
2010 05 13 19 47 00     8.43   944.40    84.03    04796    04912    08738
2010 05 13 19 48 00     8.41   944.40    84.01    04795    04912    08737
2010 05 13 19 49 00     8.40   944.39    84.25    04794    04912    08756
2010 05 13 19 50 00     8.37   944.39    84.25    04792    04912    08756
2010 05 13 19 51 00     8.39   944.39    84.25    04793    04912    08756
2010 05 13 19 52 00     8.37   944.34    84.26    04792    04911    08757
2010 05 13 19 53 00     8.37   944.39    84.48    04792    04912    08774
2010 05 13 19 54 00     8.37   944.44    84.83    04792    04913    08802
2010 05 13 19 55 00     8.33   944.43    84.71    04789    04913    08793
2010 05 13 19 56 00     8.32   944.43    84.36    04788    04913    08765
2010 05 13 19 57 00     8.33   944.48    84.95    04789    04914    08812
2010 05 13 19 58 00     8.35   944.44    85.01    04790    04913    08817
2010 05 13 19 59 00     8.33   944.48    84.36    04789    04914    08765
2010 05 13 20 00 00     8.31   944.48    84.36    04787    04914    08765
2010 05 13 20 01 00     8.28   944.48    84.36    04785    04914    08765
2010 05 13 20 02 00     8.28   944.48    84.95    04785    04914    08812
2010 05 13 20 03 00     8.28   944.48    84.83    04785    04914    08802
2010 05 13 20 04 00     8.26   944.52    84.83    04783    04915    08802
2010 05 13 20 05 00     8.26   944.57    84.95    04783    04916    08812
2010 05 13 20 06 00     8.24   944.47    85.17    04782    04914    08830
2010 05 13 20 07 00     8.23   944.52    85.17    04781    04915    08830
2010 05 13 20 08 00     8.26   944.52    85.76    04783    04915    08877
2010 05 13 20 09 00     8.24   944.52    85.53    04782    04915    08858
2010 05 13 20 10 00     8.23   944.52    85.17    04781    04915    08830
2010 05 13 20 11 00     8.23   944.52    85.17    04781    04915    08830
2010 05 13 20 12 00     8.23   944.52    85.41    04781    04915    08849
2010 05 13 20 13 00     8.22   944.57    85.17    04780    04916    08830
2010 05 13 20 14 00     8.20   944.52    85.19    04779    04915    08831
2010 05 13 20 15 00     8.19   944.56    85.17    04778    04916    08830
2010 05 13 20 16 00     8.18   944.66    85.17    04777    04918    08830
2010 05 13 20 17 00     8.15   944.46    85.30    04775    04914    08840
2010 05 13 20 18 00     8.15   944.51    85.76    04775    04915    08877
2010 05 13 20 19 00     8.11   944.55    84.91    04772    04916    08809
2010 05 13 20 20 00     8.08   944.55    85.17    04770    04916    08830
2010 05 13 20 21 00     8.04   944.55    85.17    04767    04916    08830
2010 05 13 20 22 00     8.04   944.54    84.83    04767    04916    08802
2010 05 13 20 23 00     8.03   944.54    84.65    04766    04916    08788
2010 05 13 20 24 00     8.03   944.54    85.53    04766    04916    08858
2010 05 13 20 25 00     8.00   944.64    84.83    04764    04918    08802
2010 05 13 20 26 00     7.98   944.58    84.36    04762    04917    08765
2010 05 13 20 27 00     8.00   944.54    85.30    04764    04916    08840
2010 05 13 20 28 00     7.98   944.78    84.14    04762    04921    08747
2010 05 13 20 29 00     7.96   944.63    84.85    04761    04918    08804
2010 05 13 20 30 00     7.92   944.58    83.91    04758    04917    08729
2010 05 13 20 31 00     7.91   944.58    83.91    04757    04917    08729
2010 05 13 20 32 00     7.88   944.62    83.74    04755    04918    08715
2010 05 13 20 33 00     7.86   944.62    84.09    04753    04918    08743
2010 05 13 20 34 00     7.85   944.56    84.49    04752    04917    08775
2010 05 13 20 35 00     7.85   944.56    84.14    04752    04917    08747
2010 05 13 20 36 00     7.86   944.62    84.25    04753    04918    08756
2010 05 13 20 37 00     7.85   944.56    84.36    04752    04917    08765
2010 05 13 20 38 00     7.85   944.61    84.15    04752    04918    08748
2010 05 13 20 39 00     7.82   944.61    84.14    04750    04918    08747
2010 05 13 20 40 00     7.81   944.61    83.90    04749    04918    08728
2010 05 13 20 41 00     7.75   944.61    83.90    04745    04918    08728
2010 05 13 20 42 00     7.75   944.60    84.48    04745    04918    08774
2010 05 13 20 43 00     7.74   944.60    84.71    04744    04918    08793
2010 05 13 20 44 00     7.73   944.50    84.55    04743    04916    08780
2010 05 13 20 45 00     7.71   944.55    84.42    04742    04917    08770
2010 05 13 20 46 00     7.69   944.54    84.25    04740    04917    08756
2010 05 13 20 47 00     7.70   944.54    84.83    04741    04917    08802
2010 05 13 20 48 00     7.70   944.59    85.17    04741    04918    08830
2010 05 13 20 49 00     7.71   944.60    84.90    04742    04918    08808
2010 05 13 20 50 00     7.70   944.54    84.71    04741    04917    08793
2010 05 13 20 51 00     7.70   944.54    84.71    04741    04917    08793
2010 05 13 20 52 00     7.71   944.50    85.41    04742    04916    08849
2010 05 13 20 53 00     7.67   944.59    84.79    04739    04918    08799
2010 05 13 20 54 00     7.67   944.59    85.29    04739    04918    08839
2010 05 13 20 55 00     7.62   944.58    84.78    04735    04918    08798
2010 05 13 20 56 00     7.63   944.58    85.14    04736    04918    08827
2010 05 13 20 57 00     7.59   944.58    84.71    04733    04918    08793
2010 05 13 20 58 00     7.59   944.58    84.83    04733    04918    08802
2010 05 13 20 59 00     7.61   944.53    85.17    04734    04917    08830
2010 05 13 21 00 00     7.62   944.58    85.60    04735    04918    08864
2010 05 13 21 01 00     7.59   944.58    85.60    04733    04918    08864
2010 05 13 21 02 00     7.57   944.52    84.83    04731    04917    08802
2010 05 13 21 03 00     7.57   944.57    84.90    04731    04918    08808
2010 05 13 21 04 00     7.55   944.57    84.96    04730    04918    08813
2010 05 13 21 05 00     7.54   944.57    85.06    04729    04918    08821
2010 05 13 21 06 00     7.54   944.57    85.55    04729    04918    08860
2010 05 13 21 07 00     7.54   944.57    85.41    04729    04918    08849
2010 05 13 21 08 00     7.54   944.57    85.71    04729    04918    08873
2010 05 13 21 09 00     7.54   944.57    85.83    04729    04918    08882
2010 05 13 21 10 00     7.51   944.57    85.48    04727    04918    08854
2010 05 13 21 11 00     7.54   944.57    85.48    04729    04918    08854
2010 05 13 21 12 00     7.51   944.47    85.53    04727    04916    08858
2010 05 13 21 13 00     7.50   944.52    85.53    04726    04917    08858
2010 05 13 21 14 00     7.47   944.56    85.49    04724    04918    08855
2010 05 13 21 15 00     7.47   944.46    85.80    04724    04916    08880
2010 05 13 21 16 00     7.47   944.56    85.88    04724    04918    08886
2010 05 13 21 17 00     7.46   944.56    85.41    04723    04918    08849
2010 05 13 21 18 00     7.46   944.56    85.75    04723    04918    08876
2010 05 13 21 19 00     7.46   944.56    85.88    04723    04918    08886
2010 05 13 21 20 00     7.46   944.56    86.23    04723    04918    08914
2010 05 13 21 21 00     7.45   944.56    86.23    04722    04918    08914
2010 05 13 21 22 00     7.41   944.55    85.06    04719    04918    08821
2010 05 13 21 23 00     7.41   944.45    85.29    04719    04916    08839
2010 05 13 21 24 00     7.42   944.50    85.95    04720    04917    08892
2010 05 13 21 25 00     7.40   944.50    85.41    04718    04917    08849
2010 05 13 21 26 00     7.40   944.50    85.12    04718    04917    08826
2010 05 13 21 27 00     7.40   944.45    85.25    04718    04916    08836
2010 05 13 21 28 00     7.38   944.50    85.14    04717    04917    08827
2010 05 13 21 29 00     7.37   944.45    85.25    04716    04916    08836
2010 05 13 21 30 00     7.36   944.44    85.36    04715    04916    08845
2010 05 13 21 31 00     7.34   944.44    85.36    04714    04916    08845
2010 05 13 21 32 00     7.36   944.44    85.64    04715    04916    08867
2010 05 13 21 33 00     7.34   944.44    85.30    04714    04916    08840
2010 05 13 21 34 00     7.36   944.49    85.65    04715    04917    08868
2010 05 13 21 35 00     7.33   944.49    85.48    04713    04917    08854
2010 05 13 21 36 00     7.34   944.44    85.76    04714    04916    08877
2010 05 13 21 37 00     7.36   944.44    86.10    04715    04916    08904
2010 05 13 21 38 00     7.33   944.44    85.64    04713    04916    08867
2010 05 13 21 39 00     7.36   944.49    86.92    04715    04917    08970
2010 05 13 21 40 00     7.34   944.44    86.69    04714    04916    08951
2010 05 13 21 41 00     7.37   944.44    86.69    04716    04916    08951
2010 05 13 21 42 00     7.37   944.45    87.04    04716    04916    08979
2010 05 13 21 43 00     7.33   944.44    86.69    04713    04916    08951
2010 05 13 21 44 00     7.30   944.44    86.69    04711    04916    08951
2010 05 13 21 45 00     7.30   944.44    87.39    04711    04916    09007
2010 05 13 21 46 00     7.26   944.43    86.69    04708    04916    08951
2010 05 13 21 47 00     7.28   944.43    87.61    04709    04916    09025
2010 05 13 21 48 00     7.26   944.43    87.73    04708    04916    09034
2010 05 13 21 49 00     7.25   944.38    87.96    04707    04915    09053
2010 05 13 21 50 00     7.21   944.42    87.56    04704    04916    09021
2010 05 13 21 51 00     7.22   944.42    87.56    04705    04916    09021
2010 05 13 21 52 00     7.20   944.42    87.96    04703    04916    09053
2010 05 13 21 53 00     7.20   944.37    88.31    04703    04915    09081
2010 05 13 21 54 00     7.16   944.42    88.42    04700    04916    09090
2010 05 13 21 55 00     7.14   944.41    88.31    04699    04916    09081
2010 05 13 21 56 00     7.13   944.36    88.90    04698    04915    09128
2010 05 13 21 57 00     7.10   944.36    89.01    04696    04915    09137
2010 05 13 21 58 00     7.09   944.41    89.24    04695    04916    09155
2010 05 13 21 59 00     7.06   944.35    88.90    04693    04915    09128
2010 05 13 22 00 00     7.01   944.30    88.66    04689    04914    09109
2010 05 13 22 01 00     7.03   944.30    88.66    04690    04914    09109
2010 05 13 22 02 00     7.01   944.30    90.17    04689    04914    09230
2010 05 13 22 03 00     6.97   944.29    89.83    04686    04914    09202
2010 05 13 22 04 00     6.96   944.29    89.83    04685    04914    09202
2010 05 13 22 05 00     6.91   944.28    89.24    04681    04914    09155
2010 05 13 22 06 00     6.91   944.28    89.70    04681    04914    09192
2010 05 13 22 07 00     6.91   944.28    90.40    04681    04914    09248
2010 05 13 22 08 00     6.92   944.28    90.99    04682    04914    09295
2010 05 13 22 09 00     6.87   944.28    90.40    04678    04914    09248
2010 05 13 22 10 00     6.85   944.27    90.86    04677    04914    09285
2010 05 13 22 11 00     6.83   944.27    90.86    04675    04914    09285
2010 05 13 22 12 00     6.77   944.21    90.59    04671    04913    09263
2010 05 13 22 13 00     6.79   944.21    91.05    04672    04913    09300
2010 05 13 22 14 00     6.77   944.16    91.28    04671    04912    09318
2010 05 13 22 15 00     6.76   944.21    91.40    04670    04913    09328
2010 05 13 22 16 00     6.73   944.21    91.34    04668    04913    09323
2010 05 13 22 17 00     6.73   944.21    91.86    04668    04913    09365
2010 05 13 22 18 00     6.68   944.25    91.10    04664    04914    09304
2010 05 13 22 19 00     6.65   944.20    91.33    04662    04913    09322
2010 05 13 22 20 00     6.65   944.20    91.56    04662    04913    09341
2010 05 13 22 21 00     6.64   944.20    91.56    04661    04913    09341
2010 05 13 22 22 00     6.63   944.19    91.91    04660    04913    09369
2010 05 13 22 23 00     6.63   944.19    92.26    04660    04913    09397
2010 05 13 22 24 00     6.62   944.19    92.50    04659    04913    09416
2010 05 13 22 25 00     6.58   944.18    92.26    04656    04913    09397
2010 05 13 22 26 00     6.56   944.18    92.15    04655    04913    09388
2010 05 13 22 27 00     6.56   944.18    92.64    04655    04913    09427
2010 05 13 22 28 00     6.54   944.13    92.21    04653    04912    09393
2010 05 13 22 29 00     6.54   944.18    92.61    04653    04913    09425
2010 05 13 22 30 00     6.56   944.13    93.19    04655    04912    09471
2010 05 13 22 31 00     6.55   944.13    93.19    04654    04912    09471
2010 05 13 22 32 00     6.55   944.18    93.54    04654    04913    09499
2010 05 13 22 33 00     6.54   944.08    93.49    04653    04911    09495
2010 05 13 22 34 00     6.50   944.12    93.08    04650    04912    09462
2010 05 13 22 35 00     6.50   944.17    93.42    04650    04913    09490
2010 05 13 22 36 00     6.50   944.17    93.31    04650    04913    09481
2010 05 13 22 37 00     6.50   944.12    93.54    04650    04912    09499
2010 05 13 22 38 00     6.51   944.12    94.00    04651    04912    09536
2010 05 13 22 39 00     6.50   944.12    93.89    04650    04912    09527
2010 05 13 22 40 00     6.47   944.12    93.84    04648    04912    09523
2010 05 13 22 41 00     6.46   944.12    93.84    04647    04912    09523
2010 05 13 22 42 00     6.50   944.12    94.35    04650    04912    09564
2010 05 13 22 43 00     6.47   944.12    94.24    04648    04912    09555
2010 05 13 22 44 00     6.46   944.07    94.24    04647    04911    09555
2010 05 13 22 45 00     6.46   944.07    94.42    04647    04911    09570
2010 05 13 22 46 00     6.47   944.07    94.65    04648    04911    09588
2010 05 13 22 47 00     6.47   944.02    94.76    04648    04910    09597
2010 05 13 22 48 00     6.47   944.07    94.94    04648    04911    09611
2010 05 13 22 49 00     6.43   944.06    94.76    04645    04911    09597
2010 05 13 22 50 00     6.44   944.07    94.94    04646    04911    09611
2010 05 13 22 51 00     6.43   944.07    94.94    04645    04911    09611
2010 05 13 22 52 00     6.44   944.07    95.29    04646    04911    09639
2010 05 13 22 53 00     6.43   944.06    95.17    04645    04911    09630
2010 05 13 22 54 00     6.43   944.01    95.35    04645    04910    09644
2010 05 13 22 55 00     6.40   944.06    95.05    04643    04911    09620
2010 05 13 22 56 00     6.39   944.01    95.00    04642    04910    09616
2010 05 13 22 57 00     6.34   943.95    94.76    04638    04909    09597
2010 05 13 22 58 00     6.38   944.06    95.16    04641    04911    09629
2010 05 13 22 59 00     6.35   944.00    95.00    04639    04910    09616
2010 05 13 23 00 00     6.32   944.00    94.95    04637    04910    09612
2010 05 13 23 01 00     6.32   944.00    94.95    04637    04910    09612
2010 05 13 23 02 00     6.32   944.00    95.29    04637    04910    09639
2010 05 13 23 03 00     6.31   943.95    95.29    04636    04909    09639
2010 05 13 23 04 00     6.30   944.00    95.11    04635    04910    09625
2010 05 13 23 05 00     6.26   943.89    94.94    04632    04908    09611
2010 05 13 23 06 00     6.26   943.94    95.05    04632    04909    09620
2010 05 13 23 07 00     6.27   943.94    95.29    04633    04909    09639
2010 05 13 23 08 00     6.27   943.94    95.51    04633    04909    09657
2010 05 13 23 09 00     6.28   943.94    95.64    04634    04909    09667
2010 05 13 23 10 00     6.23   943.94    95.46    04630    04909    09653
2010 05 13 23 11 00     6.21   943.94    95.46    04628    04909    09653
2010 05 13 23 12 00     6.23   943.94    95.29    04630    04909    09639
2010 05 13 23 13 00     6.23   943.94    95.29    04630    04909    09639
2010 05 13 23 14 00     6.22   943.88    95.53    04629    04908    09658
2010 05 13 23 15 00     6.21   943.93    95.29    04628    04909    09639
2010 05 13 23 16 00     6.21   943.83    95.46    04628    04907    09653
2010 05 13 23 17 00     6.18   943.88    95.51    04626    04908    09657
2010 05 13 23 18 00     6.17   943.93    95.51    04625    04909    09657
2010 05 13 23 19 00     6.17   943.88    95.50    04625    04908    09656
2010 05 13 23 20 00     6.14   943.82    95.29    04623    04907    09639
2010 05 13 23 21 00     6.15   943.82    95.29    04624    04907    09639
2010 05 13 23 22 00     6.14   943.87    95.35    04623    04908    09644
2010 05 13 23 23 00     6.15   943.82    95.58    04624    04907    09662
2010 05 13 23 24 00     6.11   943.87    95.40    04621    04908    09648
2010 05 13 23 25 00     6.14   943.82    95.75    04623    04907    09676
2010 05 13 23 26 00     6.11   943.87    95.64    04621    04908    09667
2010 05 13 23 27 00     6.13   943.92    95.88    04622    04909    09686
2010 05 13 23 28 00     6.13   943.92    95.70    04622    04909    09672
2010 05 13 23 29 00     6.10   943.87    95.75    04620    04908    09676
2010 05 13 23 30 00     6.10   943.87    95.75    04620    04908    09676
2010 05 13 23 31 00     6.10   943.87    95.75    04620    04908    09676
2010 05 13 23 32 00     6.10   943.87    95.92    04620    04908    09690
2010 05 13 23 33 00     6.05   943.81    95.64    04616    04907    09667
2010 05 13 23 34 00     6.07   943.86    95.75    04618    04908    09676
2010 05 13 23 35 00     6.06   943.81    95.64    04617    04907    09667
2010 05 13 23 36 00     6.07   943.81    95.86    04618    04907    09685
2010 05 13 23 37 00     6.06   943.81    95.75    04617    04907    09676
2010 05 13 23 38 00     6.03   943.81    95.29    04615    04907    09639
2010 05 13 23 39 00     6.03   943.86    95.51    04615    04908    09657
2010 05 13 23 40 00     6.03   943.81    95.51    04615    04907    09657
2010 05 13 23 41 00     6.03   943.81    95.51    04615    04907    09657
2010 05 13 23 42 00     6.02   943.81    95.51    04614    04907    09657
2010 05 13 23 43 00     6.03   943.86    95.75    04615    04908    09676
2010 05 13 23 44 00     6.02   943.86    95.75    04614    04908    09676
2010 05 13 23 45 00     6.03   943.81    95.70    04615    04907    09672
2010 05 13 23 46 00     6.01   943.80    95.51    04613    04907    09657
2010 05 13 23 47 00     6.01   943.80    95.64    04613    04907    09667
2010 05 13 23 48 00     5.97   943.85    95.29    04610    04908    09639
2010 05 13 23 49 00     5.99   943.80    95.35    04612    04907    09644
2010 05 13 23 50 00     5.99   943.80    95.46    04612    04907    09653
2010 05 13 23 51 00     6.01   943.80    95.46    04613    04907    09653
2010 05 13 23 52 00     5.97   943.80    95.24    04610    04907    09635
2010 05 13 23 53 00     5.98   943.80    95.46    04611    04907    09653
2010 05 13 23 54 00     5.99   943.80    95.23    04612    04907    09634
2010 05 13 23 55 00     5.98   943.80    95.35    04611    04907    09644
2010 05 13 23 56 00     5.99   943.80    95.51    04612    04907    09657
2010 05 13 23 57 00     5.99   943.75    95.64    04612    04906    09667
2010 05 13 23 58 00     5.98   943.75    95.51    04611    04906    09657
2010 05 13 23 59 00     5.97   943.75    95.40    04610    04906    09648
