 -1 -55.000 0.013225  -0.010 0.002000 -25.200 0.012500
2009 10 21 23 51 00     2.15    ?        91.91    04321    ?        09369
2009 10 21 05 22 00     2.15   947.49    91.91    04321    04992    09369
2009 10 21 05 23 00     2.15   947.49    91.91    04321    04992    09369
2009 10 21 05 24 00     2.16   947.49    92.20    04322    04992    09392
2009 10 21 05 25 00     2.16   947.44    91.98    04322    04991    09374
2009 10 21 05 26 00     2.15   947.39    91.91    04321    04990    09369
2009 10 21 05 27 00     2.15   947.39    92.03    04321    04990    09378
2009 10 21 05 28 00     2.15   947.39    92.09    04321    04990    09383
2009 10 21 05 29 00     2.15   947.39    92.15    04321    04990    09388
2009 10 21 05 30 00     2.15   947.39    91.80    04321    04990    09360
2009 10 21 05 31 00     2.15   947.39    91.86    04321    04990    09365
2009 10 21 05 32 00     2.15   947.34    92.04    04321    04989    09379
2009 10 21 05 33 00     2.13   947.34    92.10    04320    04989    09384
2009 10 21 05 34 00     2.13   947.34    91.98    04320    04989    09374
2009 10 21 05 35 00     2.13   947.34    91.98    04320    04989    09374
2009 10 21 05 36 00     2.13   947.34    92.10    04320    04989    09384
2009 10 21 05 37 00     2.15   947.39    92.21    04321    04990    09393
2009 10 21 05 38 00     2.13   947.39    92.15    04320    04990    09388
2009 10 21 05 39 00     2.15   947.39    92.39    04321    04990    09407
2009 10 21 05 40 00     2.13   947.39    92.14    04320    04990    09387
2009 10 21 05 41 00     2.13   947.39    91.98    04320    04990    09374
2009 10 21 05 42 00     2.13   947.34    91.86    04320    04989    09365
2009 10 21 05 43 00     2.12   947.33    92.15    04319    04989    09388
2009 10 21 05 44 00     2.12   947.33    92.50    04319    04989    09416
2009 10 21 05 45 00     2.12   947.38    92.50    04319    04990    09416
2009 10 21 05 46 00     2.13   947.39    92.85    04320    04990    09444
2009 10 21 05 47 00     2.13   947.39    92.96    04320    04990    09453
2009 10 21 05 48 00     2.13   947.39    92.96    04320    04990    09453
 -1 -55.000 0.013225  -0.010 0.002000 -25.200 0.012500
2009 10 21 05 51 55     2.12   947.43    93.08    04319    04991    09462
2009 10 21 05 53 00     2.13   947.44    93.20    04320    04991    09472
2009 10 21 05 54 00     2.13   947.49    93.31    04320    04992    09481
2009 10 21 05 55 00     2.11   947.48    92.85    04318    04992    09444
2009 10 21 05 56 00     2.09   947.43    92.85    04317    04991    09444
2009 10 21 05 57 00     2.09   947.43    92.85    04317    04991    09444
2009 10 21 05 58 00     2.11   947.43    93.08    04318    04991    09462
2009 10 21 05 59 00     2.12   947.43    93.08    04319    04991    09462
2009 10 21 06 00 00     2.13   947.49    93.42    04320    04992    09490
2009 10 21 06 01 00     2.13   947.49    93.14    04320    04992    09467
2009 10 21 06 02 00     2.13   947.49    93.12    04320    04992    09466
2009 10 21 06 03 00     2.13   947.49    93.25    04320    04992    09476
2009 10 21 06 04 00     2.15   947.49    93.36    04321    04992    09485
2009 10 21 06 05 00     2.15   947.54    93.14    04321    04993    09467
2009 10 21 06 06 00     2.15   947.54    93.08    04321    04993    09462
2009 10 21 06 07 00     2.13   947.54    92.85    04320    04993    09444
2009 10 21 06 08 00     2.13   947.54    92.74    04320    04993    09435
2009 10 21 06 09 00     2.15   947.54    92.94    04321    04993    09451
2009 10 21 06 10 00     2.15   947.54    93.20    04321    04993    09472
2009 10 21 06 11 00     2.15   947.54    93.20    04321    04993    09472
2009 10 21 06 12 00     2.13   947.59    92.73    04320    04994    09434
2009 10 21 06 13 00     2.13   947.59    92.50    04320    04994    09416
2009 10 21 06 14 00     2.16   947.59    92.85    04322    04994    09444
2009 10 21 06 15 00     2.16   947.59    92.26    04322    04994    09397
2009 10 21 06 16 00     2.18   947.64    92.62    04324    04995    09426
2009 10 21 06 17 00     2.17   947.59    91.69    04323    04994    09351
2009 10 21 06 18 00     2.18   947.59    91.69    04324    04994    09351
2009 10 21 06 19 00     2.20   947.59    91.45    04325    04994    09332
2009 10 21 06 20 00     2.20   947.59    91.69    04325    04994    09351
2009 10 21 06 21 00     2.21   947.59    91.69    04326    04994    09351
2009 10 21 06 22 00     2.21   947.60    91.56    04326    04994    09341
2009 10 21 06 23 00     2.22   947.65    91.69    04327    04995    09351
2009 10 21 06 24 00     2.21   947.65    91.34    04326    04995    09323
2009 10 21 06 25 00     2.22   947.65    91.23    04327    04995    09314
2009 10 21 06 26 00     2.22   947.70    90.88    04327    04996    09286
2009 10 21 06 27 00     2.24   947.70    90.78    04328    04996    09278
2009 10 21 06 28 00     2.24   947.75    90.78    04328    04997    09278
2009 10 21 06 29 00     2.24   947.75    90.29    04328    04997    09239
2009 10 21 06 30 00     2.25   947.80    89.89    04329    04998    09207
2009 10 21 06 31 00     2.29   947.80    89.89    04332    04998    09207
2009 10 21 06 32 00     2.29   947.86    91.21    04332    04999    09313
2009 10 21 06 33 00     2.30   947.81    91.41    04333    04998    09329
2009 10 21 06 34 00     2.30   947.81    91.69    04333    04998    09351
2009 10 21 06 35 00     2.33   947.86    91.92    04335    04999    09370
2009 10 21 06 36 00     2.30   947.86    90.99    04333    04999    09295
2009 10 21 06 37 00     2.32   947.86    91.45    04334    04999    09332
2009 10 21 06 38 00     2.29   947.86    90.99    04332    04999    09295
2009 10 21 06 39 00     2.29   947.86    90.88    04332    04999    09286
2009 10 21 06 40 00     2.33   947.86    91.69    04335    04999    09351
2009 10 21 06 41 00     2.32   947.86    91.69    04334    04999    09351
2009 10 21 06 42 00     2.29   947.81    90.58    04332    04998    09262
2009 10 21 06 43 00     2.33   947.86    91.56    04335    04999    09341
2009 10 21 06 44 00     2.36   947.82    91.75    04337    04998    09356
2009 10 21 06 45 00     2.36   947.82    91.88    04337    04998    09366
2009 10 21 06 46 00     2.36   947.82    91.56    04337    04998    09341
2009 10 21 06 47 00     2.36   947.82    91.74    04337    04998    09355
2009 10 21 06 48 00     2.36   947.82    91.51    04337    04998    09337
2009 10 21 06 49 00     2.37   947.82    91.88    04338    04998    09366
2009 10 21 06 50 00     2.37   947.82    92.15    04338    04998    09388
2009 10 21 06 51 00     2.38   947.82    92.15    04339    04998    09388
2009 10 21 06 52 00     2.37   947.82    91.69    04338    04998    09351
2009 10 21 06 53 00     2.36   947.77    91.23    04337    04997    09314
2009 10 21 06 54 00     2.37   947.77    91.80    04338    04997    09360
2009 10 21 06 55 00     2.38   947.77    91.50    04339    04997    09336
2009 10 21 06 56 00     2.38   947.77    91.40    04339    04997    09328
2009 10 21 06 57 00     2.40   947.77    91.51    04340    04997    09337
2009 10 21 06 58 00     2.40   947.77    91.23    04340    04997    09314
2009 10 21 06 59 00     2.40   947.77    91.69    04340    04997    09351
2009 10 21 07 00 00     2.38   947.72    90.99    04339    04996    09295
2009 10 21 07 01 00     2.36   947.72    90.99    04337    04996    09295
2009 10 21 07 02 00     2.37   947.72    91.12    04338    04996    09306
2009 10 21 07 03 00     2.34   947.67    90.29    04336    04995    09239
2009 10 21 07 04 00     2.37   947.67    91.23    04338    04995    09314
2009 10 21 07 05 00     2.36   947.62    90.75    04337    04994    09276
2009 10 21 07 06 00     2.36   947.62    90.99    04337    04994    09295
2009 10 21 07 07 00     2.33   947.56    90.70    04335    04993    09272
2009 10 21 07 08 00     2.34   947.57    89.54    04336    04993    09179
2009 10 21 07 09 00     2.36   947.57    89.60    04337    04993    09184
2009 10 21 07 10 00     2.36   947.62    88.78    04337    04994    09118
2009 10 21 07 11 00     2.40   947.62    88.78    04340    04994    09118
2009 10 21 07 12 00     2.41   947.67    89.49    04341    04995    09175
2009 10 21 07 13 00     2.44   947.68    90.75    04343    04995    09276
2009 10 21 07 14 00     2.44   947.68    90.29    04343    04995    09239
2009 10 21 07 15 00     2.44   947.68    89.12    04343    04995    09146
2009 10 21 07 16 00     2.46   947.68    89.12    04345    04995    09146
2009 10 21 07 17 00     2.48   947.73    89.78    04346    04996    09198
2009 10 21 07 18 00     2.49   947.74    89.78    04347    04996    09198
2009 10 21 07 19 00     2.50   947.79    89.88    04348    04997    09206
2009 10 21 07 20 00     2.48   947.73    88.66    04346    04996    09109
2009 10 21 07 21 00     2.49   947.73    88.66    04347    04996    09109
2009 10 21 07 22 00     2.50   947.79    88.66    04348    04997    09109
2009 10 21 07 23 00     2.54   947.79    89.59    04351    04997    09183
2009 10 21 07 24 00     2.54   947.79    89.26    04351    04997    09157
2009 10 21 07 25 00     2.53   947.79    88.50    04350    04997    09096
2009 10 21 07 26 00     2.52   947.84    87.96    04349    04998    09053
2009 10 21 07 27 00     2.56   947.85    89.01    04352    04998    09137
2009 10 21 07 28 00     2.53   947.89    88.20    04350    04999    09072
2009 10 21 07 29 00     2.54   947.89    88.31    04351    04999    09081
2009 10 21 07 30 00     2.54   947.84    88.34    04351    04998    09083
2009 10 21 07 31 00     2.53   947.84    88.34    04350    04998    09083
2009 10 21 07 32 00     2.53   947.84    88.84    04350    04998    09123
2009 10 21 07 33 00     2.56   947.85    89.36    04352    04998    09165
2009 10 21 07 34 00     2.56   947.85    89.12    04352    04998    09146
2009 10 21 07 35 00     2.59   947.85    90.05    04355    04998    09220
2009 10 21 07 36 00     2.57   947.85    88.78    04353    04998    09118
2009 10 21 07 37 00     2.57   947.85    88.09    04353    04998    09063
2009 10 21 07 38 00     2.59   947.90    88.55    04355    04999    09100
2009 10 21 07 39 00     2.62   947.90    89.08    04357    04999    09142
2009 10 21 07 40 00     2.62   947.90    88.84    04357    04999    09123
2009 10 21 07 41 00     2.61   947.90    88.84    04356    04999    09123
2009 10 21 07 42 00     2.62   947.90    88.15    04357    04999    09068
2009 10 21 07 43 00     2.65   947.91    88.55    04359    04999    09100
2009 10 21 07 44 00     2.66   947.91    88.90    04360    04999    09128
2009 10 21 07 45 00     2.66   947.91    88.55    04360    04999    09100
2009 10 21 07 46 00     2.66   947.91    88.78    04360    04999    09118
2009 10 21 07 47 00     2.69   947.91    88.73    04362    04999    09114
2009 10 21 07 48 00     2.70   947.92    88.90    04363    04999    09128
2009 10 21 07 49 00     2.70   947.97    89.12    04363    05000    09146
2009 10 21 07 50 00     2.69   947.91    88.42    04362    04999    09090
2009 10 21 07 51 00     2.70   947.91    88.42    04363    04999    09090
2009 10 21 07 52 00     2.70   947.92    88.26    04363    04999    09077
2009 10 21 07 53 00     2.73   947.92    89.42    04365    04999    09170
2009 10 21 07 54 00     2.73   947.97    88.61    04365    05000    09105
2009 10 21 07 55 00     2.74   947.97    89.12    04366    05000    09146
2009 10 21 07 56 00     2.74   947.97    88.44    04366    05000    09091
2009 10 21 07 57 00     2.75   947.97    88.61    04367    05000    09105
2009 10 21 07 58 00     2.75   947.97    88.20    04367    05000    09072
2009 10 21 07 59 00     2.75   947.97    87.74    04367    05000    09035
2009 10 21 08 00 00     2.75   947.92    88.31    04367    04999    09081
2009 10 21 08 01 00     2.78   947.92    88.31    04369    04999    09081
2009 10 21 08 02 00     2.79   947.98    88.33    04370    05000    09082
2009 10 21 08 03 00     2.79   947.93    87.75    04370    04999    09036
2009 10 21 08 04 00     2.81   947.98    88.03    04371    05000    09058
2009 10 21 08 05 00     2.85   947.94    88.74    04374    04999    09115
2009 10 21 08 06 00     2.87   947.94    89.03    04376    04999    09138
2009 10 21 08 07 00     2.87   947.94    88.09    04376    04999    09063
2009 10 21 08 08 00     2.90   947.94    88.09    04378    04999    09063
2009 10 21 08 09 00     2.89   947.94    86.78    04377    04999    08958
2009 10 21 08 10 00     2.91   947.95    87.45    04379    04999    09012
2009 10 21 08 11 00     2.89   947.95    87.45    04377    04999    09012
2009 10 21 08 12 00     2.87   947.94    86.64    04376    04999    08947
2009 10 21 08 13 00     2.90   947.94    87.21    04378    04999    08993
2009 10 21 08 14 00     2.94   947.95    88.66    04381    04999    09109
2009 10 21 08 15 00     2.98   947.96    88.90    04384    04999    09128
2009 10 21 08 16 00     3.00   947.96    88.84    04386    04999    09123
2009 10 21 08 17 00     3.03   947.96    88.66    04388    04999    09109
2009 10 21 08 18 00     3.02   947.96    87.74    04387    04999    09035
2009 10 21 08 19 00     3.02   947.96    87.84    04387    04999    09043
2009 10 21 08 20 00     2.99   948.01    87.39    04385    05000    09007
2009 10 21 08 21 00     3.04   948.01    87.39    04389    05000    09007
2009 10 21 08 22 00     3.00   948.06    86.81    04386    05001    08961
2009 10 21 08 23 00     2.99   948.11    85.65    04385    05002    08868
2009 10 21 08 24 00     3.00   948.06    86.46    04386    05001    08933
2009 10 21 08 25 00     3.03   948.06    86.92    04388    05001    08970
2009 10 21 08 26 00     3.06   948.07    86.95    04390    05001    08972
2009 10 21 08 27 00     3.06   948.07    86.35    04390    05001    08924
2009 10 21 08 28 00     3.08   948.07    86.24    04392    05001    08915
2009 10 21 08 29 00     3.08   948.02    85.59    04392    05000    08863
2009 10 21 08 30 00     3.11   948.02    86.46    04394    05000    08933
2009 10 21 08 31 00     3.07   948.02    86.46    04391    05000    08933
2009 10 21 08 32 00     3.07   948.02    85.41    04391    05000    08849
2009 10 21 08 33 00     3.06   948.02    85.53    04390    05000    08858
2009 10 21 08 34 00     3.08   948.07    85.41    04392    05001    08849
2009 10 21 08 35 00     3.15   948.08    86.59    04397    05001    08943
2009 10 21 08 36 00     3.14   948.08    84.73    04396    05001    08794
2009 10 21 08 37 00     3.15   948.13    85.14    04397    05002    08827
2009 10 21 08 38 00     3.14   948.08    85.60    04396    05001    08864
2009 10 21 08 39 00     3.15   948.13    85.34    04397    05002    08843
2009 10 21 08 40 00     3.14   948.08    84.90    04396    05001    08808
2009 10 21 08 41 00     3.16   948.08    84.90    04398    05001    08808
2009 10 21 08 42 00     3.20   948.14    85.29    04401    05002    08839
2009 10 21 08 43 00     3.22   948.19    84.60    04402    05003    08784
2009 10 21 08 44 00     3.23   948.19    84.14    04403    05003    08747
2009 10 21 08 45 00     3.20   948.19    83.48    04401    05003    08694
2009 10 21 08 46 00     3.18   948.18    84.15    04399    05003    08748
2009 10 21 08 47 00     3.20   948.24    85.41    04401    05004    08849
2009 10 21 08 48 00     3.20   948.29    83.90    04401    05005    08728
2009 10 21 08 49 00     3.27   948.30    86.17    04406    05005    08910
2009 10 21 08 50 00     3.23   948.29    83.61    04403    05005    08705
2009 10 21 08 51 00     3.22   948.29    83.61    04402    05005    08705
2009 10 21 08 52 00     3.28   948.40    85.98    04407    05007    08894
2009 10 21 08 53 00     3.26   948.39    84.89    04405    05007    08807
2009 10 21 08 54 00     3.23   948.39    83.61    04403    05007    08705
2009 10 21 08 55 00     3.24   948.39    84.73    04404    05007    08794
2009 10 21 08 56 00     3.20   948.39    83.79    04401    05007    08719
2009 10 21 08 57 00     3.27   948.40    86.30    04406    05007    08920
2009 10 21 08 58 00     3.30   948.45    86.11    04408    05008    08905
2009 10 21 08 59 00     3.30   948.40    85.01    04408    05007    08817
2009 10 21 09 00 00     3.27   948.45    83.55    04406    05008    08700
2009 10 21 09 01 00     3.32   948.45    83.55    04410    05008    08700
2009 10 21 09 02 00     3.35   948.46    85.06    04412    05008    08821
2009 10 21 09 03 00     3.40   948.46    86.45    04416    05008    08932
2009 10 21 09 04 00     3.36   948.41    83.79    04413    05007    08719
2009 10 21 09 05 00     3.39   948.41    84.49    04415    05007    08775
2009 10 21 09 06 00     3.36   948.41    84.60    04413    05007    08784
2009 10 21 09 07 00     3.41   948.42    85.62    04417    05007    08866
2009 10 21 09 08 00     3.41   948.42    85.48    04417    05007    08854
2009 10 21 09 09 00     3.40   948.41    84.49    04416    05007    08775
2009 10 21 09 10 00     3.43   948.42    85.06    04418    05007    08821
2009 10 21 09 11 00     3.45   948.42    85.06    04420    05007    08821
2009 10 21 09 12 00     3.47   948.42    84.49    04421    05007    08775
2009 10 21 09 13 00     3.44   948.42    84.60    04419    05007    08784
2009 10 21 09 14 00     3.47   948.42    84.79    04421    05007    08799
2009 10 21 09 15 00     3.51   948.43    84.79    04424    05007    08799
2009 10 21 09 16 00     3.47   948.37    83.74    04421    05006    08715
2009 10 21 09 17 00     3.51   948.38    85.41    04424    05006    08849
2009 10 21 09 18 00     3.49   948.38    83.49    04423    05006    08695
2009 10 21 09 19 00     3.53   948.38    84.49    04426    05006    08775
2009 10 21 09 20 00     3.53   948.38    84.95    04426    05006    08812
2009 10 21 09 21 00     3.49   948.38    84.95    04423    05006    08812
2009 10 21 09 22 00     3.48   948.38    84.14    04422    05006    08747
2009 10 21 09 23 00     3.49   948.43    83.79    04423    05007    08719
2009 10 21 09 24 00     3.56   948.44    85.19    04428    05007    08831
2009 10 21 09 25 00     3.56   948.44    84.60    04428    05007    08784
2009 10 21 09 26 00     3.59   948.44    85.65    04430    05007    08868
2009 10 21 09 27 00     3.59   948.44    84.38    04430    05007    08766
2009 10 21 09 28 00     3.61   948.44    84.03    04432    05007    08738
2009 10 21 09 29 00     3.61   948.44    84.49    04432    05007    08775
2009 10 21 09 30 00     3.71   948.46    86.92    04439    05007    08970
2009 10 21 09 31 00     3.76   948.46    86.92    04443    05007    08970
2009 10 21 09 32 00     3.73   948.41    84.01    04441    05006    08737
2009 10 21 09 33 00     3.76   948.47    85.17    04443    05007    08830
2009 10 21 09 34 00     3.69   948.41    82.86    04438    05006    08645
2009 10 21 09 35 00     3.73   948.41    83.78    04441    05006    08718
2009 10 21 09 36 00     3.76   948.37    85.30    04443    05005    08840
2009 10 21 09 37 00     3.71   948.36    82.94    04439    05005    08651
2009 10 21 09 38 00     3.77   948.37    83.83    04444    05005    08722
2009 10 21 09 39 00     3.80   948.42    83.67    04446    05006    08710
2009 10 21 09 40 00     3.80   948.42    82.17    04446    05006    08590
2009 10 21 09 41 00     3.85   948.42    82.17    04450    05006    08590
2009 10 21 09 42 00     3.92   948.44    83.86    04455    05006    08725
2009 10 21 09 43 00     3.96   948.44    83.98    04458    05006    08734
2009 10 21 09 44 00     4.00   948.50    84.84    04461    05007    08803
2009 10 21 09 45 00     3.96   948.44    82.75    04458    05006    08636
2009 10 21 09 46 00     3.98   948.45    83.74    04460    05006    08715
2009 10 21 09 47 00     4.04   948.46    84.38    04464    05006    08766
2009 10 21 09 48 00     4.06   948.46    83.21    04466    05006    08673
2009 10 21 09 49 00     4.09   948.46    83.21    04468    05006    08673
2009 10 21 09 50 00     4.09   948.41    82.17    04468    05005    08590
2009 10 21 09 51 00     4.04   948.41    82.17    04464    05005    08590
2009 10 21 09 52 00     4.01   948.40    81.70    04462    05005    08552
2009 10 21 09 53 00     4.06   948.41    82.75    04466    05005    08636
2009 10 21 09 54 00     4.09   948.41    81.95    04468    05005    08572
2009 10 21 09 55 00     4.02   948.45    80.88    04463    05006    08486
2009 10 21 09 56 00     3.92   948.39    80.31    04455    05005    08441
2009 10 21 09 57 00     3.90   948.39    81.39    04454    05005    08527
2009 10 21 09 58 00     3.92   948.34    81.34    04455    05004    08523
2009 10 21 09 59 00     3.92   948.34    81.24    04455    05004    08515
2009 10 21 10 00 00     3.93   948.39    81.91    04456    05005    08569
2009 10 21 10 01 00     3.93   948.39    81.91    04456    05005    08569
2009 10 21 10 02 00     3.94   948.34    81.24    04457    05004    08515
2009 10 21 10 03 00     3.96   948.34    81.01    04458    05004    08497
2009 10 21 10 04 00     3.97   948.40    80.90    04459    05005    08488
2009 10 21 10 05 00     4.02   948.40    81.94    04463    05005    08571
2009 10 21 10 06 00     4.12   948.42    82.86    04470    05005    08645
2009 10 21 10 07 00     4.16   948.42    82.16    04473    05005    08589
2009 10 21 10 08 00     4.13   948.37    80.55    04471    05004    08460
2009 10 21 10 09 00     4.16   948.32    81.24    04473    05003    08515
2009 10 21 10 10 00     4.10   948.32    79.84    04469    05003    08403
2009 10 21 10 11 00     4.12   948.32    80.91    04470    05003    08489
2009 10 21 10 12 00     4.13   948.27    81.24    04471    05002    08515
2009 10 21 10 13 00     4.21   948.28    82.74    04477    05002    08635
2009 10 21 10 14 00     4.27   948.34    82.40    04482    05003    08608
2009 10 21 10 15 00     4.22   948.33    80.73    04478    05003    08474
2009 10 21 10 16 00     4.25   948.34    81.00    04480    05003    08496
2009 10 21 10 17 00     4.42   948.31    82.29    04493    05002    08599
2009 10 21 10 18 00     4.54   948.33    82.04    04502    05002    08579
2009 10 21 10 19 00     4.63   948.39    82.16    04509    05003    08589
2009 10 21 10 20 00     4.62   948.44    81.12    04508    05004    08506
2009 10 21 10 21 00     4.57   948.44    81.12    04504    05004    08506
2009 10 21 10 22 00     4.58   948.38    80.78    04505    05003    08478
2009 10 21 10 23 00     4.58   948.33    79.39    04505    05002    08367
2009 10 21 10 24 00     4.49   948.32    79.85    04498    05002    08404
2009 10 21 10 25 00     4.37   948.30    78.80    04489    05002    08320
2009 10 21 10 26 00     4.31   948.20    78.94    04485    05000    08331
2009 10 21 10 27 00     4.29   948.19    79.03    04483    05000    08338
2009 10 21 10 28 00     4.21   948.13    78.41    04477    04999    08289
2009 10 21 10 29 00     4.26   948.19    79.38    04481    05000    08366
2009 10 21 10 30 00     4.29   948.14    79.28    04483    04999    08358
2009 10 21 10 31 00     4.31   948.14    80.54    04485    04999    08459
2009 10 21 10 32 00     4.29   948.19    78.69    04483    05000    08311
2009 10 21 10 33 00     4.29   948.19    80.09    04483    05000    08423
2009 10 21 10 34 00     4.39   948.21    80.09    04491    05000    08423
2009 10 21 10 35 00     4.43   948.21    79.39    04494    05000    08367
2009 10 21 10 36 00     4.42   948.21    79.62    04493    05000    08386
2009 10 21 10 37 00     4.35   948.20    79.39    04488    05000    08367
2009 10 21 10 38 00     4.41   948.21    79.96    04492    05000    08413
2009 10 21 10 39 00     4.41   948.26    79.39    04492    05001    08367
2009 10 21 10 40 00     4.37   948.30    80.26    04489    05002    08437
2009 10 21 10 41 00     4.33   948.30    80.26    04486    05002    08437
2009 10 21 10 42 00     4.26   948.29    79.11    04481    05002    08345
2009 10 21 10 43 00     4.22   948.28    80.96    04478    05002    08493
2009 10 21 10 44 00     4.17   948.23    79.85    04474    05001    08404
2009 10 21 10 45 00     4.21   948.23    80.78    04477    05001    08478
2009 10 21 10 46 00     4.22   948.18    81.25    04478    05000    08516
2009 10 21 10 47 00     4.21   948.13    80.56    04477    04999    08461
2009 10 21 10 48 00     4.26   948.09    81.91    04481    04998    08569
2009 10 21 10 49 00     4.33   948.10    81.94    04486    04998    08571
2009 10 21 10 50 00     4.31   948.10    80.31    04485    04998    08441
2009 10 21 10 51 00     4.33   948.10    80.31    04486    04998    08441
2009 10 21 10 52 00     4.39   948.11    81.33    04491    04998    08522
2009 10 21 10 53 00     4.43   948.11    79.38    04494    04998    08366
2009 10 21 10 54 00     4.47   948.07    79.00    04497    04997    08336
2009 10 21 10 55 00     4.58   948.13    80.78    04505    04998    08478
2009 10 21 10 56 00     4.51   948.12    78.46    04500    04998    08293
2009 10 21 10 57 00     4.54   948.13    78.17    04502    04998    08270
2009 10 21 10 58 00     4.50   948.12    78.64    04499    04998    08307
2009 10 21 10 59 00     4.50   948.07    78.40    04499    04997    08288
2009 10 21 11 00 00     4.55   948.13    78.00    04503    04998    08256
2009 10 21 11 01 00     4.62   948.13    78.00    04508    04998    08256
2009 10 21 11 02 00     4.53   948.08    78.69    04501    04997    08311
2009 10 21 11 03 00     4.42   948.01    78.71    04493    04996    08313
2009 10 21 11 04 00     4.38   947.96    78.23    04490    04995    08274
2009 10 21 11 05 00     4.34   947.95    78.56    04487    04995    08301
2009 10 21 11 06 00     4.35   947.95    79.15    04488    04995    08348
2009 10 21 11 07 00     4.37   947.95    79.16    04489    04995    08349
2009 10 21 11 08 00     4.42   947.96    79.03    04493    04995    08338
2009 10 21 11 09 00     4.43   947.96    78.34    04494    04995    08283
2009 10 21 11 10 00     4.51   947.98    78.70    04500    04995    08312
2009 10 21 11 11 00     4.66   947.98    78.70    04511    04995    08312
2009 10 21 11 12 00     4.74   948.11    78.65    04517    04997    08308
2009 10 21 11 13 00     4.80   948.12    78.46    04522    04997    08293
2009 10 21 11 14 00     4.90   948.18    78.92    04529    04998    08330
2009 10 21 11 15 00     5.03   948.20    78.30    04539    04998    08280
2009 10 21 11 16 00     5.16   948.22    77.30    04549    04998    08200
2009 10 21 11 17 00     5.13   948.31    76.38    04547    05000    08126
2009 10 21 11 18 00     5.17   948.32    76.20    04550    05000    08112
2009 10 21 11 19 00     5.24   948.43    76.11    04555    05002    08105
2009 10 21 11 20 00     4.99   948.39    75.45    04536    05002    08052
2009 10 21 11 21 00     5.02   948.39    75.45    04538    05002    08052
2009 10 21 11 22 00     4.96   948.39    76.95    04534    05002    08172
2009 10 21 11 23 00     4.83   948.37    76.38    04524    05002    08126
2009 10 21 11 24 00     4.80   948.32    77.41    04522    05001    08209
2009 10 21 11 25 00     4.83   948.27    77.06    04524    05000    08181
2009 10 21 11 26 00     4.78   948.26    78.10    04520    05000    08264
2009 10 21 11 27 00     4.76   948.26    77.06    04519    05000    08181
2009 10 21 11 28 00     4.79   948.26    77.99    04521    05000    08255
2009 10 21 11 29 00     4.79   948.26    77.06    04521    05000    08181
2009 10 21 11 30 00     4.79   948.21    76.60    04521    04999    08144
2009 10 21 11 31 00     4.78   948.21    76.60    04520    04999    08144
2009 10 21 11 32 00     4.76   948.21    77.53    04519    04999    08218
2009 10 21 11 33 00     4.68   948.25    75.62    04513    05000    08066
2009 10 21 11 34 00     4.64   948.19    76.55    04510    04999    08140
2009 10 21 11 35 00     4.70   948.20    77.01    04514    04999    08177
2009 10 21 11 36 00     4.76   948.26    78.64    04519    05000    08307
2009 10 21 11 37 00     4.78   948.21    77.53    04520    04999    08218
2009 10 21 11 38 00     4.72   948.25    77.76    04516    05000    08237
2009 10 21 11 39 00     4.76   948.26    79.15    04519    05000    08348
2009 10 21 11 40 00     4.78   948.26    77.33    04520    05000    08202
2009 10 21 11 41 00     4.75   948.26    77.33    04518    05000    08202
2009 10 21 11 42 00     4.78   948.26    77.75    04520    05000    08236
2009 10 21 11 43 00     4.88   948.33    79.15    04528    05001    08348
2009 10 21 11 44 00     4.84   948.32    76.95    04525    05001    08172
2009 10 21 11 45 00     4.91   948.33    78.41    04530    05001    08289
2009 10 21 11 46 00     5.00   948.34    79.61    04537    05001    08385
2009 10 21 11 47 00     5.02   948.35    78.81    04538    05001    08321
2009 10 21 11 48 00     5.02   948.30    78.34    04538    05000    08283
2009 10 21 11 49 00     5.03   948.30    78.46    04539    05000    08293
2009 10 21 11 50 00     5.00   948.24    76.25    04537    04999    08116
2009 10 21 11 51 00     5.00   948.24    76.25    04537    04999    08116
2009 10 21 11 52 00     4.98   948.29    77.76    04535    05000    08237
2009 10 21 11 53 00     5.00   948.24    78.11    04537    04999    08265
2009 10 21 11 54 00     5.02   948.25    78.58    04538    04999    08302
2009 10 21 11 55 00     4.99   948.24    76.84    04536    04999    08163
2009 10 21 11 56 00     5.05   948.25    77.08    04541    04999    08182
2009 10 21 11 57 00     5.08   948.21    77.30    04543    04998    08200
2009 10 21 11 58 00     5.09   948.21    78.34    04544    04998    08283
2009 10 21 11 59 00     5.16   948.22    77.75    04549    04998    08236
2009 10 21 12 00 00     5.23   948.18    80.31    04554    04997    08441
2009 10 21 12 01 00     5.29   948.18    80.31    04559    04997    08441
2009 10 21 12 02 00     5.32   948.19    78.92    04561    04997    08330
2009 10 21 12 03 00     5.31   948.19    76.94    04560    04997    08171
2009 10 21 12 04 00     5.21   948.18    75.44    04553    04997    08051
2009 10 21 12 05 00     5.11   948.16    75.71    04545    04997    08073
2009 10 21 12 06 00     5.19   948.12    77.30    04551    04996    08200
2009 10 21 12 07 00     5.28   948.13    77.30    04558    04996    08200
2009 10 21 12 08 00     5.31   948.09    75.90    04560    04995    08088
2009 10 21 12 09 00     5.23   948.08    76.14    04554    04995    08107
2009 10 21 12 10 00     5.20   948.07    75.44    04552    04995    08051
2009 10 21 12 11 00     5.23   948.07    75.44    04554    04995    08051
2009 10 21 12 12 00     5.23   948.03    76.85    04554    04994    08164
2009 10 21 12 13 00     5.20   948.02    75.79    04552    04994    08079
2009 10 21 12 14 00     5.19   948.02    76.14    04551    04994    08107
2009 10 21 12 15 00     5.20   947.97    76.14    04552    04993    08107
2009 10 21 12 16 00     5.25   947.98    76.14    04556    04993    08107
2009 10 21 12 17 00     5.31   948.04    76.67    04560    04994    08150
2009 10 21 12 18 00     5.27   948.03    76.79    04557    04994    08159
2009 10 21 12 19 00     5.24   948.03    76.14    04555    04994    08107
2009 10 21 12 20 00     5.09   948.01    76.01    04544    04994    08097
2009 10 21 12 21 00     5.05   948.01    76.01    04541    04994    08097
2009 10 21 12 22 00     5.09   947.96    77.99    04544    04993    08255
2009 10 21 12 23 00     5.08   947.96    77.36    04543    04993    08205
2009 10 21 12 24 00     5.11   947.91    77.06    04545    04992    08181
2009 10 21 12 25 00     5.11   947.91    76.38    04545    04992    08126
2009 10 21 12 26 00     5.09   947.91    76.84    04544    04992    08163
2009 10 21 12 27 00     5.12   947.91    77.53    04546    04992    08218
2009 10 21 12 28 00     5.11   947.86    76.09    04545    04991    08103
2009 10 21 12 29 00     5.11   947.81    76.14    04545    04990    08107
2009 10 21 12 30 00     5.11   947.86    78.23    04545    04991    08274
2009 10 21 12 31 00     5.19   947.86    78.23    04551    04991    08274
2009 10 21 12 32 00     5.16   947.82    77.17    04549    04990    08190
2009 10 21 12 33 00     5.21   947.83    77.90    04553    04990    08248
2009 10 21 12 34 00     5.23   947.83    78.58    04554    04990    08302
2009 10 21 12 35 00     5.23   947.83    77.99    04554    04990    08255
2009 10 21 12 36 00     5.24   947.83    78.34    04555    04990    08283
2009 10 21 12 37 00     5.15   947.77    76.67    04548    04989    08150
2009 10 21 12 38 00     5.07   947.71    76.33    04542    04988    08122
2009 10 21 12 39 00     5.02   947.70    76.49    04538    04988    08135
2009 10 21 12 40 00     4.99   947.69    77.99    04536    04988    08255
2009 10 21 12 41 00     5.07   947.69    77.99    04542    04988    08255
2009 10 21 12 42 00     5.17   947.77    78.41    04550    04989    08289
2009 10 21 12 43 00     5.23   947.73    77.95    04554    04988    08252
2009 10 21 12 44 00     5.29   947.74    78.38    04559    04988    08286
2009 10 21 12 45 00     5.40   947.75    78.92    04567    04988    08330
2009 10 21 12 46 00     5.57   947.73    77.30    04580    04987    08200
2009 10 21 12 47 00     5.68   947.74    77.30    04588    04987    08200
2009 10 21 12 48 00     5.69   947.70    75.01    04589    04986    08017
2009 10 21 12 49 00     5.74   947.65    75.05    04593    04985    08020
2009 10 21 12 50 00     5.76   947.70    75.96    04594    04986    08093
2009 10 21 12 51 00     5.81   947.70    75.96    04598    04986    08093
2009 10 21 12 52 00     5.84   947.72    74.51    04600    04986    07977
2009 10 21 12 53 00     5.89   947.72    73.35    04604    04986    07884
2009 10 21 12 54 00     5.85   947.72    73.59    04601    04986    07903
2009 10 21 12 55 00     5.93   947.73    73.24    04607    04986    07875
2009 10 21 12 56 00     5.84   947.77    73.48    04600    04987    07894
2009 10 21 12 57 00     5.78   947.71    72.89    04596    04986    07847
2009 10 21 12 58 00     5.80   947.66    73.50    04597    04985    07896
2009 10 21 12 59 00     5.84   947.67    74.05    04600    04985    07940
2009 10 21 13 00 00     6.02   947.69    73.34    04614    04985    07883
2009 10 21 13 01 00     6.02   947.69    73.34    04614    04985    07883
2009 10 21 13 02 00     6.01   947.69    73.78    04613    04985    07918
2009 10 21 13 03 00     5.97   947.64    73.19    04610    04984    07871
2009 10 21 13 04 00     5.98   947.64    74.51    04611    04984    07977
2009 10 21 13 05 00     5.99   947.59    72.88    04612    04983    07846
2009 10 21 13 06 00     6.01   947.59    74.24    04613    04983    07955
2009 10 21 13 07 00     5.90   947.53    73.42    04605    04982    07890
2009 10 21 13 08 00     5.84   947.57    73.24    04600    04983    07875
2009 10 21 13 09 00     5.81   947.51    72.44    04598    04982    07811
2009 10 21 13 10 00     5.73   947.55    72.62    04592    04983    07826
2009 10 21 13 11 00     5.64   947.55    72.62    04585    04983    07826
2009 10 21 13 12 00     5.70   947.55    72.89    04590    04983    07847
2009 10 21 13 13 00     5.74   947.60    72.20    04593    04984    07792
2009 10 21 13 14 00     5.82   947.56    72.78    04599    04983    07838
2009 10 21 13 15 00     5.93   947.53    74.99    04607    04982    08015
2009 10 21 13 16 00     5.99   947.54    72.94    04612    04982    07851
2009 10 21 13 17 00     5.84   947.52    71.69    04600    04982    07751
2009 10 21 13 18 00     5.80   947.46    73.12    04597    04981    07866
2009 10 21 13 19 00     5.81   947.41    73.01    04598    04980    07857
2009 10 21 13 20 00     5.90   947.38    74.35    04605    04979    07964
2009 10 21 13 21 00     6.02   947.38    74.35    04614    04979    07964
2009 10 21 13 22 00     6.09   947.40    72.44    04619    04979    07811
2009 10 21 13 23 00     6.15   947.36    72.62    04624    04978    07826
2009 10 21 13 24 00     6.22   947.37    73.36    04629    04978    07885
2009 10 21 13 25 00     6.27   947.38    74.54    04633    04978    07979
2009 10 21 13 26 00     6.23   947.37    73.09    04630    04978    07863
2009 10 21 13 27 00     6.21   947.37    72.44    04628    04978    07811
2009 10 21 13 28 00     6.07   947.30    71.96    04618    04977    07773
2009 10 21 13 29 00     6.23   947.27    73.36    04630    04976    07885
2009 10 21 13 30 00     6.26   947.28    73.16    04632    04976    07869
2009 10 21 13 31 00     6.26   947.28    73.16    04632    04976    07869
2009 10 21 13 32 00     6.30   947.23    72.39    04635    04975    07807
2009 10 21 13 33 00     6.31   947.24    72.70    04636    04975    07832
2009 10 21 13 34 00     6.28   947.23    71.96    04634    04975    07773
2009 10 21 13 35 00     6.34   947.19    72.66    04638    04974    07829
2009 10 21 13 36 00     6.32   947.19    73.36    04637    04974    07885
2009 10 21 13 37 00     6.21   947.12    72.39    04628    04973    07807
2009 10 21 13 38 00     6.32   947.09    71.88    04637    04972    07766
2009 10 21 13 39 00     6.27   947.08    72.16    04633    04972    07789
2009 10 21 13 40 00     6.21   947.07    73.20    04628    04972    07872
2009 10 21 13 41 00     6.17   947.07    73.20    04625    04972    07872
2009 10 21 13 42 00     6.15   947.01    73.55    04624    04971    07900
2009 10 21 13 43 00     6.18   947.02    73.31    04626    04971    07881
2009 10 21 13 44 00     6.34   947.04    73.20    04638    04971    07872
2009 10 21 13 45 00     6.36   947.09    72.16    04640    04972    07789
2009 10 21 13 46 00     6.42   947.10    72.69    04644    04972    07831
2009 10 21 13 47 00     6.31   947.14    72.44    04636    04973    07811
2009 10 21 13 48 00     6.36   947.14    72.44    04640    04973    07811
2009 10 21 13 49 00     6.46   947.21    73.12    04647    04974    07866
2009 10 21 13 50 00     6.24   947.18    73.12    04631    04974    07866
2009 10 21 13 51 00     6.19   947.18    73.12    04627    04974    07866
2009 10 21 13 52 00     6.15   947.06    72.66    04624    04972    07829
2009 10 21 13 53 00     6.14   947.01    71.88    04623    04971    07766
2009 10 21 13 54 00     6.09   947.00    73.24    04619    04971    07875
2009 10 21 13 55 00     6.07   946.95    73.88    04618    04970    07926
2009 10 21 13 56 00     6.03   946.95    72.62    04615    04970    07826
2009 10 21 13 57 00     5.98   946.99    73.12    04611    04971    07866
2009 10 21 13 58 00     5.99   946.94    74.29    04612    04970    07959
2009 10 21 13 59 00     6.03   946.95    73.36    04615    04970    07885
2009 10 21 14 00 00     6.10   946.96    74.41    04620    04970    07969
2009 10 21 14 01 00     6.13   946.96    74.41    04622    04970    07969
2009 10 21 14 02 00     6.09   946.90    73.48    04619    04969    07894
2009 10 21 14 03 00     5.89   946.88    72.89    04604    04969    07847
2009 10 21 14 04 00     5.82   946.87    74.51    04599    04969    07977
2009 10 21 14 05 00     5.85   946.92    74.98    04601    04970    08014
2009 10 21 14 06 00     5.86   946.92    74.86    04602    04970    08005
2009 10 21 14 07 00     6.01   946.99    73.54    04613    04971    07899
2009 10 21 14 08 00     5.91   946.93    74.05    04606    04970    07940
2009 10 21 14 09 00     5.86   946.97    73.83    04602    04971    07922
2009 10 21 14 10 00     5.81   946.96    74.99    04598    04971    08015
2009 10 21 14 11 00     5.93   946.96    74.99    04607    04971    08015
2009 10 21 14 12 00     6.01   946.99    74.51    04613    04971    07977
2009 10 21 14 13 00     6.06   947.05    75.20    04617    04972    08032
2009 10 21 14 14 00     6.14   947.01    74.58    04623    04971    07982
2009 10 21 14 15 00     6.13   947.06    75.08    04622    04972    08022
2009 10 21 14 16 00     5.99   947.04    74.01    04612    04972    07937
2009 10 21 14 17 00     6.03   947.10    73.31    04615    04973    07881
2009 10 21 14 18 00     6.11   947.11    74.05    04621    04973    07940
2009 10 21 14 19 00     6.15   947.06    74.75    04624    04972    07996
2009 10 21 14 20 00     6.24   947.08    74.05    04631    04972    07940
2009 10 21 14 21 00     6.26   947.08    74.05    04632    04972    07940
2009 10 21 14 22 00     6.23   947.12    76.84    04630    04973    08163
2009 10 21 14 23 00     6.14   947.06    75.67    04623    04972    08070
2009 10 21 14 24 00     6.02   947.09    74.24    04614    04973    07955
2009 10 21 14 25 00     6.06   947.10    73.98    04617    04973    07934
2009 10 21 14 26 00     6.05   947.15    73.59    04616    04974    07903
2009 10 21 14 27 00     6.11   947.16    74.05    04621    04974    07940
2009 10 21 14 28 00     6.01   947.14    75.45    04613    04974    08052
2009 10 21 14 29 00     5.87   947.07    74.51    04603    04973    07977
2009 10 21 14 30 00     5.87   947.07    74.75    04603    04973    07996
2009 10 21 14 31 00     5.82   947.07    74.75    04599    04973    07996
2009 10 21 14 32 00     5.76   947.06    74.01    04594    04973    07937
2009 10 21 14 33 00     5.68   947.05    75.44    04588    04973    08051
2009 10 21 14 34 00     5.65   946.99    75.79    04586    04972    08079
2009 10 21 14 35 00     5.68   947.00    75.74    04588    04972    08075
2009 10 21 14 36 00     5.69   947.05    76.20    04589    04973    08112
2009 10 21 14 37 00     5.57   947.03    75.90    04580    04973    08088
2009 10 21 14 38 00     5.50   947.02    76.58    04575    04973    08142
2009 10 21 14 39 00     5.48   946.97    76.55    04573    04972    08140
2009 10 21 14 40 00     5.33   946.95    77.24    04562    04972    08195
2009 10 21 14 41 00     5.25   946.95    77.24    04556    04972    08195
2009 10 21 14 42 00     5.24   946.88    77.06    04555    04971    08181
2009 10 21 14 43 00     5.23   946.93    77.09    04554    04972    08183
2009 10 21 14 44 00     5.20   946.93    77.53    04552    04972    08218
2009 10 21 14 45 00     5.16   946.92    77.36    04549    04972    08205
2009 10 21 14 46 00     5.17   946.92    78.45    04550    04972    08292
2009 10 21 14 47 00     5.08   946.91    78.36    04543    04972    08285
2009 10 21 14 48 00     5.07   946.91    78.69    04542    04972    08311
2009 10 21 14 49 00     5.00   946.85    77.94    04537    04971    08251
2009 10 21 14 50 00     4.96   946.84    78.33    04534    04971    08282
2009 10 21 14 51 00     4.88   946.84    78.33    04528    04971    08282
2009 10 21 14 52 00     4.83   946.78    78.34    04524    04970    08283
2009 10 21 14 53 00     4.79   946.77    78.70    04521    04970    08312
2009 10 21 14 54 00     4.80   946.77    78.92    04522    04970    08330
2009 10 21 14 55 00     4.80   946.72    80.31    04522    04969    08441
2009 10 21 14 56 00     4.78   946.72    79.56    04520    04969    08381
2009 10 21 14 57 00     4.78   946.72    80.31    04520    04969    08441
2009 10 21 14 58 00     4.76   946.72    79.98    04519    04969    08414
2009 10 21 14 59 00     4.72   946.71    79.80    04516    04969    08400
2009 10 21 15 00 00     4.71   946.66    79.91    04515    04968    08409
2009 10 21 15 01 00     4.70   946.66    79.91    04514    04968    08409
2009 10 21 15 02 00     4.70   946.71    81.00    04514    04969    08496
2009 10 21 15 03 00     4.68   946.70    81.24    04513    04969    08515
2009 10 21 15 04 00     4.63   946.65    81.24    04509    04968    08515
2009 10 21 15 05 00     4.63   946.65    80.96    04509    04968    08493
2009 10 21 15 06 00     4.63   946.65    81.70    04509    04968    08552
2009 10 21 15 07 00     4.59   946.64    81.34    04506    04968    08523
2009 10 21 15 08 00     4.57   946.64    81.59    04504    04968    08543
2009 10 21 15 09 00     4.54   946.63    81.35    04502    04968    08524
2009 10 21 15 10 00     4.54   946.63    81.94    04502    04968    08571
2009 10 21 15 11 00     4.53   946.63    81.94    04501    04968    08571
2009 10 21 15 12 00     4.53   946.68    82.19    04501    04969    08591
2009 10 21 15 13 00     4.49   946.63    82.11    04498    04968    08585
2009 10 21 15 14 00     4.47   946.62    82.88    04497    04968    08646
2009 10 21 15 15 00     4.46   946.57    82.16    04496    04967    08589
2009 10 21 15 16 00     4.45   946.57    82.98    04495    04967    08654
2009 10 21 15 17 00     4.45   946.57    82.51    04495    04967    08617
2009 10 21 15 18 00     4.45   946.57    82.51    04495    04967    08617
2009 10 21 15 19 00     4.42   946.57    82.75    04493    04967    08636
2009 10 21 15 20 00     4.39   946.56    82.40    04491    04967    08608
2009 10 21 15 21 00     4.37   946.56    82.40    04489    04967    08608
2009 10 21 15 22 00     4.34   946.61    82.86    04487    04968    08645
2009 10 21 15 23 00     4.33   946.60    82.51    04486    04968    08617
2009 10 21 15 24 00     4.33   946.60    83.21    04486    04968    08673
2009 10 21 15 25 00     4.31   946.60    82.75    04485    04968    08636
2009 10 21 15 26 00     4.30   946.55    83.33    04484    04967    08682
2009 10 21 15 27 00     4.33   946.60    83.55    04486    04968    08700
2009 10 21 15 28 00     4.30   946.60    83.67    04484    04968    08710
2009 10 21 15 29 00     4.31   946.65    84.03    04485    04969    08738
2009 10 21 15 30 00     4.33   946.65    83.92    04486    04969    08730
2009 10 21 15 31 00     4.31   946.65    83.92    04485    04969    08730
2009 10 21 15 32 00     4.30   946.65    84.84    04484    04969    08803
2009 10 21 15 33 00     4.29   946.65    83.56    04483    04969    08701
2009 10 21 15 34 00     4.30   946.65    83.79    04484    04969    08719
2009 10 21 15 35 00     4.29   946.70    83.67    04483    04970    08710
2009 10 21 15 36 00     4.27   946.70    84.14    04482    04970    08747
2009 10 21 15 37 00     4.27   946.70    84.25    04482    04970    08756
2009 10 21 15 38 00     4.26   946.69    84.60    04481    04970    08784
2009 10 21 15 39 00     4.25   946.69    84.25    04480    04970    08756
2009 10 21 15 40 00     4.25   946.64    84.36    04480    04969    08765
2009 10 21 15 41 00     4.23   946.64    84.36    04479    04969    08765
2009 10 21 15 42 00     4.22   946.59    84.26    04478    04968    08757
2009 10 21 15 43 00     4.21   946.59    83.20    04477    04968    08672
2009 10 21 15 44 00     4.21   946.54    83.28    04477    04967    08678
2009 10 21 15 45 00     4.20   946.49    82.98    04476    04966    08654
2009 10 21 15 46 00     4.20   946.58    83.33    04476    04968    08682
2009 10 21 15 47 00     4.18   946.53    83.44    04475    04967    08691
2009 10 21 15 48 00     4.17   946.53    82.75    04474    04967    08636
2009 10 21 15 49 00     4.17   946.53    83.55    04474    04967    08700
2009 10 21 15 50 00     4.17   946.53    83.91    04474    04967    08729
2009 10 21 15 51 00     4.13   946.53    83.91    04471    04967    08729
2009 10 21 15 52 00     4.12   946.52    84.01    04470    04967    08737
2009 10 21 15 53 00     4.10   946.57    84.36    04469    04968    08765
2009 10 21 15 54 00     4.09   946.57    84.25    04468    04968    08756
2009 10 21 15 55 00     4.08   946.62    84.36    04467    04969    08765
2009 10 21 15 56 00     4.06   946.67    84.60    04466    04970    08784
2009 10 21 15 57 00     4.06   946.62    84.73    04466    04969    08794
2009 10 21 15 58 00     4.06   946.57    84.84    04466    04968    08803
2009 10 21 15 59 00     4.04   946.56    85.30    04464    04968    08840
2009 10 21 16 00 00     4.04   946.56    85.30    04464    04968    08840
2009 10 21 16 01 00     4.01   946.56    85.30    04462    04968    08840
2009 10 21 16 02 00     4.01   946.51    84.71    04462    04967    08793
2009 10 21 16 03 00     4.00   946.51    85.25    04461    04967    08836
2009 10 21 16 04 00     4.00   946.51    85.70    04461    04967    08872
2009 10 21 16 05 00     3.98   946.46    85.64    04460    04966    08867
2009 10 21 16 06 00     3.97   946.45    85.17    04459    04966    08830
2009 10 21 16 07 00     3.96   946.45    84.71    04458    04966    08793
2009 10 21 16 08 00     3.97   946.50    85.53    04459    04967    08858
2009 10 21 16 09 00     3.96   946.50    85.36    04458    04967    08845
2009 10 21 16 10 00     3.96   946.50    85.76    04458    04967    08877
2009 10 21 16 11 00     3.96   946.50    85.76    04458    04967    08877
2009 10 21 16 12 00     3.96   946.50    85.99    04458    04967    08895
2009 10 21 16 13 00     3.96   946.50    86.14    04458    04967    08907
2009 10 21 16 14 00     3.94   946.55    86.24    04457    04968    08915
2009 10 21 16 15 00     3.92   946.50    85.08    04455    04967    08822
2009 10 21 16 16 00     3.90   946.49    85.14    04454    04967    08827
2009 10 21 16 17 00     3.92   946.55    84.95    04455    04968    08812
2009 10 21 16 18 00     3.92   946.50    85.53    04455    04967    08858
2009 10 21 16 19 00     3.92   946.50    86.29    04455    04967    08919
2009 10 21 16 20 00     3.92   946.60    86.70    04455    04969    08952
2009 10 21 16 21 00     3.92   946.60    86.70    04455    04969    08952
2009 10 21 16 22 00     3.89   946.59    84.71    04453    04969    08793
2009 10 21 16 23 00     3.90   946.59    85.89    04454    04969    08887
2009 10 21 16 24 00     3.90   946.59    85.19    04454    04969    08831
2009 10 21 16 25 00     3.93   946.65    86.88    04456    04970    08966
2009 10 21 16 26 00     3.90   946.64    85.30    04454    04970    08840
2009 10 21 16 27 00     3.92   946.69    86.23    04455    04971    08914
2009 10 21 16 28 00     3.89   946.64    84.60    04453    04970    08784
2009 10 21 16 29 00     3.90   946.64    86.01    04454    04970    08897
2009 10 21 16 30 00     3.86   946.59    84.84    04451    04969    08803
2009 10 21 16 31 00     3.86   946.59    84.84    04451    04969    08803
2009 10 21 16 32 00     3.84   946.53    84.14    04449    04968    08747
2009 10 21 16 33 00     3.82   946.53    84.36    04448    04968    08765
2009 10 21 16 34 00     3.80   946.53    83.67    04446    04968    08710
2009 10 21 16 35 00     3.81   946.53    85.30    04447    04968    08840
2009 10 21 16 36 00     3.80   946.53    85.41    04446    04968    08849
2009 10 21 16 37 00     3.76   946.47    84.23    04443    04967    08754
2009 10 21 16 38 00     3.76   946.52    84.95    04443    04968    08812
2009 10 21 16 39 00     3.75   946.52    84.84    04442    04968    08803
2009 10 21 16 40 00     3.71   946.56    84.81    04439    04969    08801
2009 10 21 16 41 00     3.69   946.56    84.81    04438    04969    08801
2009 10 21 16 42 00     3.69   946.56    84.60    04438    04969    08784
2009 10 21 16 43 00     3.67   946.61    83.55    04436    04970    08700
2009 10 21 16 44 00     3.67   946.66    84.71    04436    04971    08793
2009 10 21 16 45 00     3.64   946.66    84.71    04434    04971    08793
2009 10 21 16 46 00     3.63   946.65    83.67    04433    04971    08710
2009 10 21 16 47 00     3.64   946.66    85.08    04434    04971    08822
2009 10 21 16 48 00     3.60   946.65    84.73    04431    04971    08794
2009 10 21 16 49 00     3.59   946.60    83.79    04430    04970    08719
2009 10 21 16 50 00     3.59   946.60    84.83    04430    04970    08802
2009 10 21 16 51 00     3.57   946.60    84.83    04429    04970    08802
2009 10 21 16 52 00     3.56   946.64    84.83    04428    04971    08802
2009 10 21 16 53 00     3.55   946.59    85.17    04427    04970    08830
2009 10 21 16 54 00     3.52   946.64    84.90    04425    04971    08808
2009 10 21 16 55 00     3.51   946.59    84.71    04424    04970    08793
2009 10 21 16 56 00     3.51   946.64    85.30    04424    04971    08840
2009 10 21 16 57 00     3.47   946.58    84.14    04421    04970    08747
2009 10 21 16 58 00     3.49   946.58    86.23    04423    04970    08914
2009 10 21 16 59 00     3.47   946.68    85.06    04421    04972    08821
2009 10 21 17 00 00     3.47   946.68    85.17    04421    04972    08830
2009 10 21 17 01 00     3.47   946.68    85.17    04421    04972    08830
2009 10 21 17 02 00     3.44   946.68    84.83    04419    04972    08802
2009 10 21 17 03 00     3.44   946.68    85.17    04419    04972    08830
2009 10 21 17 04 00     3.43   946.72    85.41    04418    04973    08849
2009 10 21 17 05 00     3.41   946.67    85.65    04417    04972    08868
2009 10 21 17 06 00     3.40   946.67    85.76    04416    04972    08877
2009 10 21 17 07 00     3.43   946.67    86.99    04418    04972    08975
2009 10 21 17 08 00     3.43   946.62    87.05    04418    04971    08980
2009 10 21 17 09 00     3.41   946.67    86.45    04417    04972    08932
2009 10 21 17 10 00     3.41   946.62    87.04    04417    04971    08979
2009 10 21 17 11 00     3.39   946.62    87.04    04415    04971    08979
2009 10 21 17 12 00     3.38   946.62    85.76    04414    04971    08877
2009 10 21 17 13 00     3.35   946.61    85.26    04412    04971    08837
2009 10 21 17 14 00     3.36   946.67    86.58    04413    04972    08942
2009 10 21 17 15 00     3.38   946.67    87.50    04414    04972    09016
2009 10 21 17 16 00     3.35   946.66    86.23    04412    04972    08914
2009 10 21 17 17 00     3.36   946.72    86.69    04413    04973    08951
2009 10 21 17 18 00     3.35   946.71    86.23    04412    04973    08914
2009 10 21 17 19 00     3.38   946.72    87.16    04414    04973    08989
2009 10 21 17 20 00     3.38   946.77    87.39    04414    04974    09007
2009 10 21 17 21 00     3.39   946.77    87.39    04415    04974    09007
2009 10 21 17 22 00     3.39   946.77    87.96    04415    04974    09053
2009 10 21 17 23 00     3.38   946.77    88.09    04414    04974    09063
2009 10 21 17 24 00     3.38   946.77    88.20    04414    04974    09072
2009 10 21 17 25 00     3.39   946.82    88.91    04415    04975    09129
2009 10 21 17 26 00     3.34   946.76    85.86    04411    04974    08885
2009 10 21 17 27 00     3.38   946.82    87.61    04414    04975    09025
2009 10 21 17 28 00     3.36   946.81    86.81    04413    04975    08961
2009 10 21 17 29 00     3.36   946.81    86.46    04413    04975    08933
2009 10 21 17 30 00     3.36   946.76    86.35    04413    04974    08924
2009 10 21 17 31 00     3.36   946.76    86.35    04413    04974    08924
2009 10 21 17 32 00     3.36   946.76    87.21    04413    04974    08993
2009 10 21 17 33 00     3.36   946.81    87.74    04413    04975    09035
2009 10 21 17 34 00     3.36   946.81    87.39    04413    04975    09007
2009 10 21 17 35 00     3.36   946.86    87.46    04413    04976    09013
2009 10 21 17 36 00     3.36   946.86    87.04    04413    04976    08979
2009 10 21 17 37 00     3.36   946.86    87.44    04413    04976    09011
2009 10 21 17 38 00     3.35   946.86    87.39    04412    04976    09007
2009 10 21 17 39 00     3.36   946.81    88.09    04413    04975    09063
2009 10 21 17 40 00     3.36   946.76    87.75    04413    04974    09036
2009 10 21 17 41 00     3.36   946.76    87.75    04413    04974    09036
2009 10 21 17 42 00     3.35   946.71    87.34    04412    04973    09003
2009 10 21 17 43 00     3.32   946.61    86.53    04410    04971    08938
2009 10 21 17 44 00     3.32   946.56    86.64    04410    04970    08947
2009 10 21 17 45 00     3.31   946.51    86.41    04409    04969    08929
2009 10 21 17 46 00     3.30   946.46    85.70    04408    04968    08872
2009 10 21 17 47 00     3.30   946.41    86.69    04408    04967    08951
2009 10 21 17 48 00     3.28   946.50    87.39    04407    04969    09007
2009 10 21 17 49 00     3.27   946.55    87.04    04406    04970    08979
2009 10 21 17 50 00     3.27   946.60    87.39    04406    04971    09007
2009 10 21 17 51 00     3.27   946.60    87.39    04406    04971    09007
2009 10 21 17 52 00     3.27   946.65    87.96    04406    04972    09053
2009 10 21 17 53 00     3.26   946.70    86.69    04405    04973    08951
2009 10 21 17 54 00     3.26   946.70    87.15    04405    04973    08988
2009 10 21 17 55 00     3.24   946.70    87.61    04404    04973    09025
2009 10 21 17 56 00     3.26   946.70    88.42    04405    04973    09090
2009 10 21 17 57 00     3.20   946.69    86.46    04401    04973    08933
2009 10 21 17 58 00     3.20   946.69    87.39    04401    04973    09007
2009 10 21 17 59 00     3.20   946.64    87.61    04401    04972    09025
2009 10 21 18 00 00     3.19   946.59    86.86    04400    04971    08965
2009 10 21 18 01 00     3.16   946.59    86.86    04398    04971    08965
2009 10 21 18 02 00     3.15   946.49    86.17    04397    04969    08910
2009 10 21 18 03 00     3.15   946.49    86.99    04397    04969    08975
2009 10 21 18 04 00     3.14   946.43    86.69    04396    04968    08951
2009 10 21 18 05 00     3.12   946.38    86.58    04395    04967    08942
2009 10 21 18 06 00     3.12   946.43    86.69    04395    04968    08951
2009 10 21 18 07 00     3.07   946.37    85.53    04391    04967    08858
2009 10 21 18 08 00     3.10   946.43    86.69    04393    04968    08951
2009 10 21 18 09 00     3.06   946.37    85.53    04390    04967    08858
2009 10 21 18 10 00     3.06   946.42    85.65    04390    04968    08868
2009 10 21 18 11 00     3.04   946.42    85.65    04389    04968    08868
2009 10 21 18 12 00     3.06   946.37    86.11    04390    04967    08905
2009 10 21 18 13 00     3.06   946.37    86.11    04390    04967    08905
2009 10 21 18 14 00     3.06   946.37    86.99    04390    04967    08975
2009 10 21 18 15 00     3.06   946.37    87.15    04390    04967    08988
2009 10 21 18 16 00     3.07   946.32    87.96    04391    04966    09053
2009 10 21 18 17 00     3.06   946.32    87.74    04390    04966    09035
2009 10 21 18 18 00     3.03   946.32    87.03    04388    04966    08978
2009 10 21 18 19 00     3.03   946.32    87.28    04388    04966    08998
2009 10 21 18 20 00     3.03   946.32    86.80    04388    04966    08960
2009 10 21 18 21 00     3.04   946.32    86.80    04389    04966    08960
2009 10 21 18 22 00     3.04   946.32    87.50    04389    04966    09016
2009 10 21 18 23 00     3.04   946.37    87.85    04389    04967    09044
2009 10 21 18 24 00     3.03   946.37    88.66    04388    04967    09109
2009 10 21 18 25 00     3.02   946.42    87.96    04387    04968    09053
2009 10 21 18 26 00     2.99   946.41    87.26    04385    04968    08997
2009 10 21 18 27 00     2.97   946.46    85.64    04383    04969    08867
2009 10 21 18 28 00     2.99   946.51    86.11    04385    04970    08905
2009 10 21 18 29 00     2.97   946.46    85.41    04383    04969    08849
2009 10 21 18 30 00     2.97   946.41    86.34    04383    04968    08923
2009 10 21 18 31 00     2.97   946.41    86.34    04383    04968    08923
2009 10 21 18 32 00     2.97   946.36    86.23    04383    04967    08914
2009 10 21 18 33 00     2.95   946.36    85.76    04382    04967    08877
2009 10 21 18 34 00     2.95   946.36    85.76    04382    04967    08877
2009 10 21 18 35 00     2.94   946.36    86.46    04381    04967    08933
2009 10 21 18 36 00     2.94   946.36    86.11    04381    04967    08905
2009 10 21 18 37 00     2.94   946.36    86.45    04381    04967    08932
2009 10 21 18 38 00     2.94   946.36    86.80    04381    04967    08960
2009 10 21 18 39 00     2.94   946.36    86.23    04381    04967    08914
2009 10 21 18 40 00     2.93   946.35    86.10    04380    04967    08904
2009 10 21 18 41 00     2.93   946.35    86.10    04380    04967    08904
2009 10 21 18 42 00     2.93   946.30    86.70    04380    04966    08952
2009 10 21 18 43 00     2.91   946.30    87.39    04379    04966    09007
2009 10 21 18 44 00     2.90   946.25    86.81    04378    04965    08961
2009 10 21 18 45 00     2.87   946.25    87.26    04376    04965    08997
2009 10 21 18 46 00     2.87   946.25    86.51    04376    04965    08937
2009 10 21 18 47 00     2.87   946.25    87.04    04376    04965    08979
2009 10 21 18 48 00     2.86   946.20    86.92    04375    04964    08970
2009 10 21 18 49 00     2.86   946.20    87.50    04375    04964    09016
2009 10 21 18 50 00     2.86   946.20    88.09    04375    04964    09063
2009 10 21 18 51 00     2.86   946.20    88.09    04375    04964    09063
2009 10 21 18 52 00     2.85   946.19    87.74    04374    04964    09035
2009 10 21 18 53 00     2.85   946.19    87.85    04374    04964    09044
2009 10 21 18 54 00     2.85   946.19    87.50    04374    04964    09016
2009 10 21 18 55 00     2.85   946.24    87.04    04374    04965    08979
2009 10 21 18 56 00     2.85   946.24    88.09    04374    04965    09063
2009 10 21 18 57 00     2.83   946.24    88.09    04373    04965    09063
2009 10 21 18 58 00     2.83   946.24    87.61    04373    04965    09025
2009 10 21 18 59 00     2.83   946.29    87.74    04373    04966    09035
2009 10 21 19 00 00     2.83   946.24    87.04    04373    04965    08979
2009 10 21 19 01 00     2.83   946.24    87.04    04373    04965    08979
2009 10 21 19 02 00     2.83   946.24    87.61    04373    04965    09025
2009 10 21 19 03 00     2.83   946.24    87.04    04373    04965    08979
2009 10 21 19 04 00     2.85   946.24    87.03    04374    04965    08978
2009 10 21 19 05 00     2.86   946.24    86.91    04375    04965    08969
2009 10 21 19 06 00     2.89   946.25    87.85    04377    04965    09044
2009 10 21 19 07 00     2.90   946.25    87.85    04378    04965    09044
2009 10 21 19 08 00     2.90   946.25    88.30    04378    04965    09080
2009 10 21 19 09 00     2.90   946.30    88.20    04378    04966    09072
2009 10 21 19 10 00     2.89   946.30    88.09    04377    04966    09063
2009 10 21 19 11 00     2.90   946.30    88.09    04378    04966    09063
2009 10 21 19 12 00     2.93   946.35    88.78    04380    04967    09118
2009 10 21 19 13 00     2.93   946.35    87.39    04380    04967    09007
2009 10 21 19 14 00     2.93   946.35    87.50    04380    04967    09016
2009 10 21 19 15 00     2.91   946.30    87.34    04379    04966    09003
2009 10 21 19 16 00     2.91   946.25    87.10    04379    04965    08984
2009 10 21 19 17 00     2.91   946.20    87.28    04379    04964    08998
2009 10 21 19 18 00     2.91   946.15    87.39    04379    04963    09007
2009 10 21 19 19 00     2.91   946.15    87.91    04379    04963    09049
2009 10 21 19 20 00     2.90   946.15    87.50    04378    04963    09016
2009 10 21 19 21 00     2.90   946.15    87.50    04378    04963    09016
2009 10 21 19 22 00     2.90   946.20    88.20    04378    04964    09072
2009 10 21 19 23 00     2.91   946.15    87.99    04379    04963    09055
2009 10 21 19 24 00     2.91   946.20    87.96    04379    04964    09053
2009 10 21 19 25 00     2.90   946.20    87.95    04378    04964    09052
2009 10 21 19 26 00     2.90   946.20    87.50    04378    04964    09016
2009 10 21 19 27 00     2.89   946.20    87.28    04377    04964    08998
2009 10 21 19 28 00     2.89   946.15    87.06    04377    04963    08981
2009 10 21 19 29 00     2.87   946.15    87.04    04376    04963    08979
2009 10 21 19 30 00     2.85   946.09    87.21    04374    04962    08993
2009 10 21 19 31 00     2.82   946.09    87.39    04372    04962    09007
2009 10 21 19 32 00     2.79   946.04    87.34    04370    04961    09003
2009 10 21 19 33 00     2.78   945.98    87.74    04369    04960    09035
2009 10 21 19 34 00     2.77   945.98    87.39    04368    04960    09007
2009 10 21 19 35 00     2.74   945.93    88.03    04366    04959    09058
2009 10 21 19 36 00     2.74   945.93    87.67    04366    04959    09030
2009 10 21 19 37 00     2.73   945.93    87.44    04365    04959    09011
2009 10 21 19 38 00     2.73   945.93    87.42    04365    04959    09010
2009 10 21 19 39 00     2.74   945.93    87.45    04366    04959    09012
2009 10 21 19 40 00     2.73   945.98    87.33    04365    04960    09002
2009 10 21 19 41 00     2.73   945.98    87.33    04365    04960    09002
2009 10 21 19 42 00     2.73   945.98    87.39    04365    04960    09007
2009 10 21 19 43 00     2.71   945.93    87.39    04364    04959    09007
2009 10 21 19 44 00     2.66   945.92    87.61    04360    04959    09025
2009 10 21 19 45 00     2.61   945.91    87.85    04356    04959    09044
2009 10 21 19 46 00     2.57   945.90    87.85    04353    04959    09044
2009 10 21 19 47 00     2.54   945.90    87.88    04351    04959    09046
2009 10 21 19 48 00     2.53   945.85    87.85    04350    04958    09044
2009 10 21 19 49 00     2.53   945.80    88.08    04350    04957    09062
2009 10 21 19 50 00     2.53   945.80    87.91    04350    04957    09049
2009 10 21 19 51 00     2.50   945.80    87.91    04348    04957    09049
2009 10 21 19 52 00     2.49   945.79    87.92    04347    04957    09050
2009 10 21 19 53 00     2.50   945.75    87.96    04348    04956    09053
2009 10 21 19 54 00     2.49   945.74    87.85    04347    04956    09044
2009 10 21 19 55 00     2.49   945.69    87.85    04347    04955    09044
2009 10 21 19 56 00     2.49   945.64    87.74    04347    04954    09035
2009 10 21 19 57 00     2.49   945.64    87.74    04347    04954    09035
2009 10 21 19 58 00     2.50   945.65    87.74    04348    04954    09035
2009 10 21 19 59 00     2.48   945.64    87.74    04346    04954    09035
2009 10 21 20 00 00     2.49   945.59    87.96    04347    04953    09053
2009 10 21 20 01 00     2.48   945.59    87.96    04346    04953    09053
2009 10 21 20 02 00     2.49   945.59    88.09    04347    04953    09063
2009 10 21 20 03 00     2.46   945.59    88.08    04345    04953    09062
2009 10 21 20 04 00     2.44   945.54    88.19    04343    04952    09071
2009 10 21 20 05 00     2.44   945.54    88.42    04343    04952    09090
2009 10 21 20 06 00     2.42   945.49    88.65    04342    04951    09108
2009 10 21 20 07 00     2.46   945.49    88.78    04345    04951    09118
2009 10 21 20 08 00     2.49   945.44    88.60    04347    04950    09104
2009 10 21 20 09 00     2.53   945.45    88.66    04350    04950    09109
2009 10 21 20 10 00     2.53   945.45    88.42    04350    04950    09090
2009 10 21 20 11 00     2.53   945.45    88.42    04350    04950    09090
2009 10 21 20 12 00     2.52   945.40    88.54    04349    04949    09099
2009 10 21 20 13 00     2.50   945.40    88.55    04348    04949    09100
2009 10 21 20 14 00     2.49   945.40    88.55    04347    04949    09100
2009 10 21 20 15 00     2.49   945.40    88.78    04347    04949    09118
2009 10 21 20 16 00     2.50   945.40    88.78    04348    04949    09118
2009 10 21 20 17 00     2.54   945.40    88.90    04351    04949    09128
2009 10 21 20 18 00     2.53   945.40    88.66    04350    04949    09109
2009 10 21 20 19 00     2.53   945.40    88.78    04350    04949    09118
2009 10 21 20 20 00     2.53   945.40    88.78    04350    04949    09118
2009 10 21 20 21 00     2.53   945.40    88.89    04350    04949    09127
2009 10 21 20 22 00     2.52   945.35    89.00    04349    04948    09136
2009 10 21 20 23 00     2.53   945.35    89.12    04350    04948    09146
2009 10 21 20 24 00     2.57   945.31    89.36    04353    04947    09165
2009 10 21 20 25 00     2.57   945.31    89.12    04353    04947    09146
2009 10 21 20 26 00     2.56   945.30    89.00    04352    04947    09136
2009 10 21 20 27 00     2.56   945.30    89.25    04352    04947    09156
2009 10 21 20 28 00     2.56   945.30    89.24    04352    04947    09155
2009 10 21 20 29 00     2.53   945.30    89.24    04350    04947    09155
2009 10 21 20 30 00     2.52   945.30    89.35    04349    04947    09164
2009 10 21 20 31 00     2.52   945.30    89.35    04349    04947    09164
2009 10 21 20 32 00     2.50   945.30    89.36    04348    04947    09165
2009 10 21 20 33 00     2.50   945.30    89.48    04348    04947    09174
2009 10 21 20 34 00     2.49   945.30    89.41    04347    04947    09169
2009 10 21 20 35 00     2.46   945.29    89.54    04345    04947    09179
2009 10 21 20 36 00     2.52   945.25    89.94    04349    04946    09211
2009 10 21 20 37 00     2.46   945.24    89.76    04345    04946    09197
2009 10 21 20 38 00     2.45   945.19    89.88    04344    04945    09206
2009 10 21 20 39 00     2.45   945.19    90.00    04344    04945    09216
2009 10 21 20 40 00     2.42   945.19    90.16    04342    04945    09229
2009 10 21 20 41 00     2.41   945.19    90.16    04341    04945    09229
2009 10 21 20 42 00     2.41   945.23    90.40    04341    04946    09248
2009 10 21 20 43 00     2.38   945.18    90.53    04339    04945    09258
2009 10 21 20 44 00     2.34   945.18    90.51    04336    04945    09257
2009 10 21 20 45 00     2.32   945.22    90.75    04334    04946    09276
2009 10 21 20 46 00     2.30   945.22    90.98    04333    04946    09294
2009 10 21 20 47 00     2.29   945.22    91.10    04332    04946    09304
2009 10 21 20 48 00     2.29   945.22    91.17    04332    04946    09310
2009 10 21 20 49 00     2.28   945.22    91.34    04331    04946    09323
2009 10 21 20 50 00     2.26   945.21    91.34    04330    04946    09323
2009 10 21 20 51 00     2.22   945.21    91.34    04327    04946    09323
2009 10 21 20 52 00     2.18   945.10    91.40    04324    04944    09328
2009 10 21 20 53 00     2.20   945.10    91.74    04325    04944    09355
2009 10 21 20 54 00     2.18   945.10    91.91    04324    04944    09369
2009 10 21 20 55 00     2.16   945.05    91.92    04322    04943    09370
2009 10 21 20 56 00     2.13   945.05    92.04    04320    04943    09379
2009 10 21 20 57 00     2.12   944.99    92.26    04319    04942    09397
2009 10 21 20 58 00     2.11   944.99    92.26    04318    04942    09397
2009 10 21 20 59 00     2.11   944.99    92.33    04318    04942    09402
2009 10 21 21 00 00     2.11   945.04    92.56    04318    04943    09421
2009 10 21 21 01 00     2.11   945.04    92.56    04318    04943    09421
2009 10 21 21 02 00     2.09   944.99    92.61    04317    04942    09425
2009 10 21 21 03 00     2.08   944.99    92.73    04316    04942    09434
2009 10 21 21 04 00     2.11   944.99    92.85    04318    04942    09444
2009 10 21 21 05 00     2.12   944.99    92.96    04319    04942    09453
2009 10 21 21 06 00     2.11   944.94    92.79    04318    04941    09439
2009 10 21 21 07 00     2.13   945.00    92.90    04320    04942    09448
2009 10 21 21 08 00     2.15   945.00    93.01    04321    04942    09457
2009 10 21 21 09 00     2.18   945.05    93.14    04324    04943    09467
2009 10 21 21 10 00     2.17   945.10    92.95    04323    04944    09452
2009 10 21 21 11 00     2.17   945.10    92.95    04323    04944    09452
2009 10 21 21 12 00     2.22   945.11    93.08    04327    04944    09462
2009 10 21 21 13 00     2.20   945.10    92.95    04325    04944    09452
2009 10 21 21 14 00     2.21   945.11    93.08    04326    04944    09462
2009 10 21 21 15 00     2.24   945.11    93.08    04328    04944    09462
2009 10 21 21 16 00     2.26   945.06    93.19    04330    04943    09471
2009 10 21 21 17 00     2.28   945.12    93.19    04331    04944    09471
2009 10 21 21 18 00     2.33   945.12    93.41    04335    04944    09489
2009 10 21 21 19 00     2.36   945.08    93.42    04337    04943    09490
2009 10 21 21 20 00     2.38   945.03    93.38    04339    04942    09486
2009 10 21 21 21 00     2.42   945.03    93.38    04342    04942    09486
2009 10 21 21 22 00     2.42   945.04    93.31    04342    04942    09481
2009 10 21 21 23 00     2.44   945.04    93.31    04343    04942    09481
2009 10 21 21 24 00     2.46   945.04    93.38    04345    04942    09486
2009 10 21 21 25 00     2.49   945.00    93.31    04347    04941    09481
2009 10 21 21 26 00     2.49   944.95    93.20    04347    04940    09472
2009 10 21 21 27 00     2.49   944.95    93.09    04347    04940    09463
2009 10 21 21 28 00     2.49   944.95    93.08    04347    04940    09462
2009 10 21 21 29 00     2.50   944.95    92.85    04348    04940    09444
2009 10 21 21 30 00     2.50   945.00    92.86    04348    04941    09445
2009 10 21 21 31 00     2.50   945.00    92.86    04348    04941    09445
2009 10 21 21 32 00     2.50   945.00    92.96    04348    04941    09453
2009 10 21 21 33 00     2.50   945.05    92.85    04348    04942    09444
2009 10 21 21 34 00     2.50   945.00    92.96    04348    04941    09453
2009 10 21 21 35 00     2.50   945.00    92.92    04348    04941    09450
2009 10 21 21 36 00     2.50   944.95    92.73    04348    04940    09434
2009 10 21 21 37 00     2.50   944.95    92.79    04348    04940    09439
2009 10 21 21 38 00     2.50   944.95    92.79    04348    04940    09439
2009 10 21 21 39 00     2.50   944.95    92.96    04348    04940    09453
2009 10 21 21 40 00     2.52   944.95    93.06    04349    04940    09461
2009 10 21 21 41 00     2.53   944.95    93.06    04350    04940    09461
2009 10 21 21 42 00     2.54   945.00    93.19    04351    04941    09471
2009 10 21 21 43 00     2.56   945.01    93.20    04352    04941    09472
2009 10 21 21 44 00     2.58   945.01    93.31    04354    04941    09481
2009 10 21 21 45 00     2.59   944.91    93.19    04355    04939    09471
2009 10 21 21 46 00     2.62   944.92    93.19    04357    04939    09471
2009 10 21 21 47 00     2.63   944.92    92.96    04358    04939    09453
2009 10 21 21 48 00     2.63   944.87    92.84    04358    04938    09443
2009 10 21 21 49 00     2.66   944.87    92.85    04360    04938    09444
2009 10 21 21 50 00     2.65   944.92    92.73    04359    04939    09434
2009 10 21 21 51 00     2.66   944.92    92.73    04360    04939    09434
2009 10 21 21 52 00     2.67   944.87    92.73    04361    04938    09434
2009 10 21 21 53 00     2.70   944.88    92.84    04363    04938    09443
2009 10 21 21 54 00     2.71   944.88    92.85    04364    04938    09444
2009 10 21 21 55 00     2.73   944.88    92.61    04365    04938    09425
2009 10 21 21 56 00     2.73   944.88    92.73    04365    04938    09434
2009 10 21 21 57 00     2.74   944.88    92.74    04366    04938    09435
2009 10 21 21 58 00     2.77   944.84    92.73    04368    04937    09434
2009 10 21 21 59 00     2.79   944.84    92.73    04370    04937    09434
2009 10 21 22 00 00     2.79   944.84    92.61    04370    04937    09425
2009 10 21 22 01 00     2.81   944.84    92.61    04371    04937    09425
2009 10 21 22 02 00     2.82   944.79    92.73    04372    04936    09434
2009 10 21 22 03 00     2.85   944.80    92.73    04374    04936    09434
2009 10 21 22 04 00     2.86   944.75    92.85    04375    04935    09444
2009 10 21 22 05 00     2.87   944.75    92.73    04376    04935    09434
2009 10 21 22 06 00     2.86   944.70    92.67    04375    04934    09430
2009 10 21 22 07 00     2.86   944.70    92.67    04375    04934    09430
2009 10 21 22 08 00     2.90   944.61    93.09    04378    04932    09463
2009 10 21 22 09 00     2.91   944.66    93.20    04379    04933    09472
2009 10 21 22 10 00     2.98   944.62    93.78    04384    04932    09518
2009 10 21 22 11 00     2.98   944.62    93.78    04384    04932    09518
2009 10 21 22 12 00     2.97   944.57    93.31    04383    04931    09481
2009 10 21 22 13 00     2.98   944.57    93.54    04384    04931    09499
2009 10 21 22 14 00     2.99   944.57    93.66    04385    04931    09509
2009 10 21 22 15 00     3.00   944.52    93.89    04386    04930    09527
2009 10 21 22 16 00     3.02   944.52    93.96    04387    04930    09533
2009 10 21 22 17 00     3.00   944.52    94.01    04386    04930    09537
2009 10 21 22 18 00     3.02   944.47    94.00    04387    04929    09536
2009 10 21 22 19 00     3.03   944.43    94.09    04388    04928    09543
2009 10 21 22 20 00     3.06   944.43    94.35    04390    04928    09564
2009 10 21 22 21 00     3.07   944.43    94.35    04391    04928    09564
2009 10 21 22 22 00     3.07   944.48    94.24    04391    04929    09555
2009 10 21 22 23 00     3.07   944.48    94.24    04391    04929    09555
2009 10 21 22 24 00     3.08   944.53    94.00    04392    04930    09536
2009 10 21 22 25 00     3.08   944.48    94.12    04392    04929    09546
2009 10 21 22 26 00     3.07   944.48    93.60    04391    04929    09504
2009 10 21 22 27 00     3.08   944.43    93.25    04392    04928    09476
2009 10 21 22 28 00     3.08   944.38    92.67    04392    04927    09430
2009 10 21 22 29 00     3.10   944.39    92.38    04393    04927    09406
2009 10 21 22 30 00     3.10   944.39    92.14    04393    04927    09387
2009 10 21 22 31 00     3.11   944.39    92.14    04394    04927    09387
2009 10 21 22 32 00     3.10   944.34    92.03    04393    04926    09378
2009 10 21 22 33 00     3.10   944.34    91.91    04393    04926    09369
2009 10 21 22 34 00     3.12   944.34    91.91    04395    04926    09369
2009 10 21 22 35 00     3.15   944.29    91.56    04397    04925    09341
2009 10 21 22 36 00     3.16   944.35    91.56    04398    04926    09341
2009 10 21 22 37 00     3.16   944.35    91.45    04398    04926    09332
2009 10 21 22 38 00     3.15   944.39    91.34    04397    04927    09323
2009 10 21 22 39 00     3.15   944.34    91.45    04397    04926    09332
2009 10 21 22 40 00     3.15   944.34    91.16    04397    04926    09309
2009 10 21 22 41 00     3.14   944.34    91.16    04396    04926    09309
2009 10 21 22 42 00     3.14   944.34    91.45    04396    04926    09332
2009 10 21 22 43 00     3.12   944.34    91.34    04395    04926    09323
2009 10 21 22 44 00     3.12   944.34    91.51    04395    04926    09337
2009 10 21 22 45 00     3.11   944.34    91.51    04394    04926    09337
2009 10 21 22 46 00     3.10   944.34    91.62    04393    04926    09346
2009 10 21 22 47 00     3.11   944.34    91.56    04394    04926    09341
2009 10 21 22 48 00     3.11   944.34    91.56    04394    04926    09341
2009 10 21 22 49 00     3.10   944.34    91.67    04393    04926    09350
2009 10 21 22 50 00     3.10   944.34    91.69    04393    04926    09351
2009 10 21 22 51 00     3.10   944.34    91.69    04393    04926    09351
2009 10 21 22 52 00     3.10   944.34    91.91    04393    04926    09369
2009 10 21 22 53 00     3.10   944.34    92.03    04393    04926    09378
2009 10 21 22 54 00     3.08   944.28    92.04    04392    04925    09379
2009 10 21 22 55 00     3.08   944.28    92.04    04392    04925    09379
2009 10 21 22 56 00     3.07   944.28    92.15    04391    04925    09388
2009 10 21 22 57 00     3.07   944.23    92.26    04391    04924    09397
2009 10 21 22 58 00     3.07   944.23    92.39    04391    04924    09407
2009 10 21 22 59 00     3.07   944.18    92.51    04391    04923    09417
2009 10 21 23 00 00     3.07   944.18    92.61    04391    04923    09425
2009 10 21 23 01 00     3.07   944.18    92.61    04391    04923    09425
2009 10 21 23 02 00     3.07   944.18    92.73    04391    04923    09434
2009 10 21 23 03 00     3.07   944.23    92.85    04391    04924    09444
2009 10 21 23 04 00     3.07   944.18    93.08    04391    04923    09462
2009 10 21 23 05 00     3.10   944.14    93.19    04393    04922    09471
2009 10 21 23 06 00     3.10   944.19    93.42    04393    04923    09490
2009 10 21 23 07 00     3.11   944.14    93.42    04394    04922    09490
2009 10 21 23 08 00     3.11   944.14    93.42    04394    04922    09490
2009 10 21 23 09 00     3.10   944.09    93.42    04393    04921    09490
2009 10 21 23 10 00     3.11   944.09    93.54    04394    04921    09499
2009 10 21 23 11 00     3.12   944.09    93.54    04395    04921    09499
2009 10 21 23 12 00     3.14   944.09    93.83    04396    04921    09522
2009 10 21 23 13 00     3.15   944.04    93.84    04397    04920    09523
2009 10 21 23 14 00     3.15   944.04    93.90    04397    04920    09528
2009 10 21 23 15 00     3.16   944.00    93.95    04398    04919    09532
2009 10 21 23 16 00     3.16   944.00    94.01    04398    04919    09537
2009 10 21 23 17 00     3.16   943.95    94.01    04398    04918    09537
2009 10 21 23 18 00     3.16   943.95    94.06    04398    04918    09541
2009 10 21 23 19 00     3.16   943.95    94.12    04398    04918    09546
2009 10 21 23 20 00     3.18   943.95    94.35    04399    04918    09564
2009 10 21 23 21 00     3.18   943.95    94.35    04399    04918    09564
2009 10 21 23 22 00     3.19   943.85    94.35    04400    04916    09564
2009 10 21 23 23 00     3.20   943.85    94.53    04401    04916    09578
2009 10 21 23 24 00     3.20   943.85    94.41    04401    04916    09569
2009 10 21 23 25 00     3.20   943.85    94.59    04401    04916    09583
2009 10 21 23 26 00     3.23   943.86    94.71    04403    04916    09593
2009 10 21 23 27 00     3.23   943.86    94.83    04403    04916    09602
2009 10 21 23 28 00     3.26   943.81    94.94    04405    04915    09611
2009 10 21 23 29 00     3.26   943.81    94.94    04405    04915    09611
2009 10 21 23 30 00     3.26   943.76    94.94    04405    04914    09611
2009 10 21 23 31 00     3.26   943.76    94.94    04405    04914    09611
2009 10 21 23 32 00     3.26   943.76    95.05    04405    04914    09620
2009 10 21 23 33 00     3.27   943.76    95.05    04406    04914    09620
2009 10 21 23 34 00     3.27   943.76    95.05    04406    04914    09620
2009 10 21 23 35 00     3.26   943.76    94.94    04405    04914    09611
2009 10 21 23 36 00     3.26   943.71    95.05    04405    04913    09620
2009 10 21 23 37 00     3.26   943.71    94.94    04405    04913    09611
2009 10 21 23 38 00     3.27   943.71    95.05    04406    04913    09620
2009 10 21 23 39 00     3.26   943.71    94.94    04405    04913    09611
2009 10 21 23 40 00     3.27   943.76    94.94    04406    04914    09611
2009 10 21 23 41 00     3.28   943.76    94.94    04407    04914    09611
2009 10 21 23 42 00     3.28   943.72    95.11    04407    04913    09625
2009 10 21 23 43 00     3.30   943.72    95.17    04408    04913    09630
2009 10 21 23 44 00     3.31   943.72    95.35    04409    04913    09644
2009 10 21 23 45 00     3.31   943.72    95.40    04409    04913    09648
2009 10 21 23 46 00     3.30   943.67    95.29    04408    04912    09639
2009 10 21 23 47 00     3.30   943.72    95.17    04408    04913    09630
2009 10 21 23 48 00     3.27   943.71    94.95    04406    04913    09612
2009 10 21 23 49 00     3.27   943.71    94.94    04406    04913    09611
2009 10 21 23 50 00     3.28   943.72    95.17    04407    04913    09630
2009 10 21 23 51 00     3.28   943.72    95.17    04407    04913    09630
2009 10 21 23 52 00     3.30   943.72    95.29    04408    04913    09639
2009 10 21 23 53 00     3.28   943.67    95.17    04407    04912    09630
2009 10 21 23 54 00     3.28   943.62    95.29    04407    04911    09639
2009 10 21 23 55 00     3.30   943.57    95.40    04408    04910    09648
2009 10 21 23 56 00     3.34   943.57    95.58    04411    04910    09662
2009 10 21 23 57 00     3.35   943.53    95.70    04412    04909    09672
2009 10 21 23 58 00     3.36   943.53    95.86    04413    04909    09685
2009 10 21 23 59 00     3.36   943.53    95.86    04413    04909    09685
